9.450093108429814537e-01 5.496968667483443510e-02 1.154498618693856764e-05 9.457495997027291681e-06
9.540626395819963301e-01 5.009825648830239958e-321 9.308330633258247999e-03 3.662902978474535942e-02
0.000000000000000000e+00 9.787377078353985960e-01 1.132786230747622434e-02 9.934429857125118973e-03
0.000000000000000000e+00 0.000000000000000000e+00 5.448805020137383881e-01 4.551194979862616674e-01
0.000000000000000000e+00 0.000000000000000000e+00 4.991074012194712806e-01 5.008925987805287194e-01
9.788111212515044901e-01 1.725692163343016047e-02 2.026377662572132355e-03 1.905579452493149197e-03
9.438709263034642527e-01 5.578445764090228520e-02 7.070922930072648122e-05 2.739068263327407073e-04
9.417681686899253002e-01 5.543107364326512604e-02 1.334773401862605078e-03 1.465984264947003393e-03
9.435890891754495913e-01 5.188528160965714259e-02 2.273870475874422217e-03 2.251758739018864738e-03
9.440228505565998463e-01 5.552036147430265689e-02 9.465219050594161649e-05 3.621357785915602849e-04
0.000000000000000000e+00 9.903996106074335337e-01 4.855113962924166061e-03 4.745275429642281141e-03
0.000000000000000000e+00 0.000000000000000000e+00 5.017138027518462939e-01 4.982861972481538726e-01
0.000000000000000000e+00 8.948006462517680282e-01 5.413090849181086128e-02 5.106844525642113830e-02
9.437598250293945945e-01 5.355541394215868750e-02 5.674903936569356379e-04 2.117270634789803277e-03
9.438459785748958275e-01 5.586582795740752810e-02 6.143088820066858549e-05 2.267625794960105936e-04
9.432535013404095281e-01 5.574930883209993498e-02 2.063050806042234344e-04 7.908847468862761866e-04
0.000000000000000000e+00 9.495259046972220895e-01 2.648375924981084470e-02 2.399033605296710739e-02
9.440405755890330930e-01 5.593320768151719552e-02 1.331883178203112058e-05 1.289789766756471338e-05
9.628128094062086140e-01 2.814354800511767105e-02 2.027679520128338082e-03 7.015963068545368227e-03
