9.774859769614843152e-01 0.000000000000000000e+00 0.000000000000000000e+00 0.000000000000000000e+00 2.251402303851571252e-02
0.000000000000000000e+00 0.000000000000000000e+00 0.000000000000000000e+00 0.000000000000000000e+00 1.000000000000000000e+00
1.000000000000000000e+00 0.000000000000000000e+00 0.000000000000000000e+00 0.000000000000000000e+00 0.000000000000000000e+00
0.000000000000000000e+00 0.000000000000000000e+00 0.000000000000000000e+00 0.000000000000000000e+00 1.000000000000000000e+00
1.000000000000000000e+00 0.000000000000000000e+00 0.000000000000000000e+00 0.000000000000000000e+00 0.000000000000000000e+00
4.749606917890732971e-01 0.000000000000000000e+00 0.000000000000000000e+00 0.000000000000000000e+00 5.250393082109267029e-01
6.900656629206480819e-01 6.988572000903492398e-02 0.000000000000000000e+00 0.000000000000000000e+00 2.400486170703170219e-01
3.972710669641146830e-01 0.000000000000000000e+00 0.000000000000000000e+00 5.941319315170491278e-01 8.597001518836237810e-03
6.485963883902663429e-01 4.262232643767165791e-02 1.847851968338733442e-01 0.000000000000000000e+00 1.239960883381886342e-01
0.000000000000000000e+00 1.000000000000000000e+00 0.000000000000000000e+00 0.000000000000000000e+00 0.000000000000000000e+00
0.000000000000000000e+00 0.000000000000000000e+00 0.000000000000000000e+00 0.000000000000000000e+00 1.000000000000000000e+00
4.670436650362419506e-01 1.161130375467403358e-01 2.012186247758747937e-01 0.000000000000000000e+00 2.156246726411429337e-01
3.270996354590683386e-01 0.000000000000000000e+00 0.000000000000000000e+00 6.609967279140658292e-01 1.190363662686591550e-02
8.557764395460283335e-01 0.000000000000000000e+00 0.000000000000000000e+00 0.000000000000000000e+00 1.442235604539717497e-01
1.966083010980982926e-01 0.000000000000000000e+00 5.583534611053104779e-01 0.000000000000000000e+00 2.450382377965912573e-01
8.092499349960040611e-01 4.199571120731854929e-02 0.000000000000000000e+00 0.000000000000000000e+00 1.487543537966774243e-01
0.000000000000000000e+00 9.446856386897695135e-01 0.000000000000000000e+00 0.000000000000000000e+00 5.531436131023045877e-02
6.328474609171080845e-01 0.000000000000000000e+00 0.000000000000000000e+00 0.000000000000000000e+00 3.671525390828919710e-01
0.000000000000000000e+00 0.000000000000000000e+00 0.000000000000000000e+00 0.000000000000000000e+00 1.000000000000000000e+00
