0.000000000000000000e+00 0.000000000000000000e+00 9.929979036582403662e-01 7.002096341759687578e-03
2.291329506426876828e-01 0.000000000000000000e+00 6.667767249591698420e-01 1.040903243981424892e-01
1.197528216788928263e-01 7.424539563786801931e-03 8.661395765136481462e-01 6.683062243672234330e-03
1.728488803431526069e-02 1.230580964816160860e-02 8.863578178711133404e-01 8.405148444640979377e-02
1.112358603857020907e-02 0.000000000000000000e+00 9.329896934211987514e-01 5.588672054023097191e-02
0.000000000000000000e+00 0.000000000000000000e+00 9.487500635595066401e-01 5.124993644049331137e-02
2.112988725380641752e-01 0.000000000000000000e+00 6.800754127138084471e-01 1.086257147481274193e-01
0.000000000000000000e+00 8.408379403093409199e-02 8.005286979646943912e-01 1.153875080043714890e-01
0.000000000000000000e+00 6.169512709730150951e-02 8.578789223717606660e-01 8.042595053093792856e-02
1.593617953108248664e-01 8.943375984410803503e-02 6.756790944785527886e-01 7.552535036651433775e-02
1.560456791096481444e-01 6.042509983988075817e-02 7.001059525797694860e-01 8.342326847070183349e-02
0.000000000000000000e+00 5.074367816124185360e-02 8.401617734439114082e-01 1.090945483948468214e-01
0.000000000000000000e+00 1.826989457129896827e-02 8.353307684485854478e-01 1.463993369801155631e-01
2.688483326597858603e-01 0.000000000000000000e+00 6.209776727362074089e-01 1.101739946040067031e-01
1.624894878127841336e-01 7.327201781722662843e-02 6.446980159673444399e-01 1.195404784026448120e-01
3.015170703417082154e-01 0.000000000000000000e+00 6.415064486724261217e-01 5.697648098586569065e-02
1.366767980247838021e-01 6.456930211154972461e-03 8.048296327422745922e-01 5.203663902178658207e-02
0.000000000000000000e+00 0.000000000000000000e+00 9.005375135692349486e-01 9.946248643076512075e-02
2.389759139955337508e-01 0.000000000000000000e+00 6.680248929426991777e-01 9.299919306176705758e-02
