3.803932697280496683e-02 2.730555193461778885e-01 2.370207359388241397e-01 1.388207932497895480e-01 3.130636244924034362e-01
2.222208957277703179e-01 2.471441898776568780e-01 1.380225151205922707e-01 1.289375981293161832e-01 2.636748011446642392e-01
7.649124038385922419e-02 3.073363480176412588e-01 1.545055591835119424e-01 2.278221350997406136e-01 2.338447173152469749e-01
1.774515499381090766e-01 3.282891442411814409e-01 6.029188457999011541e-02 8.249327550864146708e-02 3.514741457320779694e-01
1.097233890606409273e-01 2.413927111692059091e-01 1.974980020438993067e-01 2.283174032014924082e-01 2.230684945247615458e-01
1.197991299282913924e-01 4.938475103582763426e-01 0.000000000000000000e+00 0.000000000000000000e+00 3.863533597134323760e-01
2.031032983491334876e-01 1.997302803682358963e-01 1.945914238931062412e-01 1.922080358234972697e-01 2.103669615660271608e-01
2.220967826964974634e-01 1.432022510480398803e-01 1.994664661578259279e-01 2.364197308702335742e-01 1.988147692274031819e-01
1.694727931914372931e-01 2.191323334061590633e-01 1.507638695943111506e-01 2.265068158705207946e-01 2.341241879375717538e-01
4.380994784817214827e-01 1.868765721258986157e-01 1.034913431899423114e-01 0.000000000000000000e+00 2.715326062024376319e-01
2.169882142066576758e-01 2.034819784334814252e-01 1.757644341897132145e-01 1.771381569392651567e-01 2.266272162308825278e-01
1.397938102397481563e-01 2.168099406005888075e-01 1.788040196236724277e-01 2.034869023740966676e-01 2.611053271618938298e-01
2.164008176396219063e-01 1.944124748331153285e-01 2.284863917156084168e-01 1.931540354497032763e-01 1.675462803619510999e-01
9.336074395449597829e-02 2.752944860635641589e-01 1.736487964796454841e-01 2.039458724246201171e-01 2.537501010776742616e-01
2.102194737173623262e-01 1.946928135842004026e-01 1.864801922218765617e-01 1.736707755077604165e-01 2.349367449688002374e-01
2.385144680873372558e-01 2.623710594463296020e-01 1.308034312504554042e-01 1.330097540948730339e-01 2.353012871210046764e-01
3.621339308855740513e-01 2.016988701621803270e-01 1.853765971541541935e-01 0.000000000000000000e+00 2.507906017980913171e-01
6.356604194494733240e-02 4.836159219868941817e-01 0.000000000000000000e+00 7.817051204280814347e-02 3.746475240253503425e-01
1.810937161142943119e-01 3.617394984170033689e-01 3.007517325197472946e-02 1.839846209439406979e-02 4.086931501223333707e-01
1.847298462699654975e-01 2.013304572577290508e-01 1.989399408306647965e-01 1.967814903717985120e-01 2.182182652698420600e-01
1.894462328761741532e-01 2.367271175173346620e-01 1.062356286086843793e-01 1.009134324837048791e-01 3.666775885141019820e-01
1.523332723942624756e-01 3.142693382653358181e-01 1.721907727618164352e-01 1.842798337317568258e-01 1.769267828468284176e-01
2.200929029410531590e-01 2.769998811697040320e-01 1.160964855784792776e-01 1.115074037045151734e-01 2.753033266062482332e-01
2.000415289765457016e-01 2.277434766468171556e-01 1.434474992393626192e-01 1.852746068809771329e-01 2.434928882562975572e-01
6.375315445827246796e-02 2.477617226413392770e-01 2.100518831352176652e-01 2.767767608722614403e-01 2.016564788929091634e-01
1.131800159695030283e-01 2.519452284615580906e-01 1.350956549157438513e-01 2.942736199167877986e-01 2.055054807364072311e-01
1.638643012820940326e-01 2.754443728894706567e-01 1.104810259321453714e-01 2.011265515718176078e-01 2.490837483244723594e-01
2.327434101501927588e-01 2.417106841041625487e-01 1.441806253986490371e-01 1.343857147149442599e-01 2.469795656320515065e-01
1.427385910068487695e-01 2.708079885405473841e-01 1.420903632191802546e-01 2.494035032028926735e-01 1.949595540305307795e-01
1.020531915376578641e-01 2.433774255684416910e-01 2.734742484020353803e-01 2.241168831810020357e-01 1.569782513108630706e-01
1.009017671476192674e-01 2.723316218967942182e-01 1.966515949541757791e-01 2.133064542222005422e-01 2.168085617792103459e-01
6.870301525431025957e-02 4.522984534378927668e-01 0.000000000000000000e+00 6.720063572557832821e-02 4.117978955822185205e-01
1.126267825462428512e-01 2.605220752100967374e-01 2.119268314423758404e-01 2.288641519992310747e-01 1.860601588020534547e-01
1.263390958845262146e-01 2.520360945623725812e-01 1.985002064376905073e-01 1.688221016813274966e-01 2.543025014340831169e-01
8.583384317444610334e-02 2.544289265383946064e-01 1.032507947163689849e-01 2.848702183496496509e-01 2.716162172211407100e-01
2.042908896347386538e-01 2.174624550154733993e-01 1.745262724778888219e-01 1.978442213830231278e-01 2.058761614888759972e-01
2.051209603387445235e-01 2.105459114784038466e-01 1.724588024950920451e-01 1.809562038204999279e-01 2.309181218672596569e-01
1.679784123896926606e-01 2.307931148280017997e-01 1.321952854997452409e-01 1.269562942510503445e-01 3.420768930315098988e-01
2.278072203543617114e-01 2.295455339741481193e-01 1.496754974595055077e-01 1.211075484705430444e-01 2.718641997414416034e-01
1.567831084091587668e-01 4.066069612299402225e-01 5.661962883121959833e-02 6.738277806549046456e-02 3.126075234641909617e-01
1.774080481309558421e-01 2.693055250717608651e-01 1.221999175291858114e-01 1.313231439786251287e-01 2.997633652894723943e-01
2.077622303281075888e-01 2.417684136082487167e-01 1.846462050086815909e-01 9.522924827673555359e-02 2.705939027782265360e-01
2.053989936333993349e-01 3.131038695677420547e-01 1.589982853587231237e-01 3.810107627747291031e-02 2.843977751626626804e-01
2.221824161817946564e-01 2.451274640625164258e-01 1.416696508984982283e-01 1.314551196716084447e-01 2.595653491855823281e-01
1.889868839080552920e-01 2.568965077570115052e-01 9.793169892132801146e-02 1.065105466975277970e-01 3.496743627160773804e-01
2.243850885331671874e-01 2.182645760804561574e-01 1.806301081400092379e-01 1.408040866103085487e-01 2.359161406360587299e-01
2.804905455840219219e-01 3.372459399603938146e-01 2.295870128812193059e-02 3.905201822860551036e-02 3.202527949388568884e-01
2.140472687881205538e-01 1.767303622168871768e-01 1.692077654009469245e-01 2.004752368295067699e-01 2.395393667645385749e-01
1.896821507947972149e-02 2.003357595178951456e-01 2.205558528453058498e-01 3.801917146932318192e-01 1.799484578640875854e-01
1.176307198028289924e-01 2.808414797954565389e-01 1.448972746417730162e-01 1.888881446330575309e-01 2.677423811268838105e-01
1.290427986615642619e-01 2.768490341936065691e-01 8.030923492225552907e-02 2.526139486616755248e-01 2.611849835608980874e-01
2.293365102132810807e-01 2.410891001325835004e-01 1.463599219537763396e-01 1.357452641341772848e-01 2.474692035661817113e-01
2.260561344338597178e-01 2.399822809432594073e-01 1.458725159358353063e-01 1.379489224277078152e-01 2.501401462593376701e-01
1.148971663651046637e-01 2.460079094071491446e-01 2.122560278763271358e-01 2.185061000111355178e-01 2.083327963402835104e-01
2.276382843524003552e-01 1.746891554028821292e-01 1.958669037468755147e-01 2.068552670890577705e-01 1.949503894087840916e-01
1.503495359500811868e-01 2.945344161718357889e-01 1.543453825990615536e-01 1.801973788115428521e-01 2.205732864674786187e-01
1.899907092755613869e-01 2.472022212906845873e-01 1.586266169729616260e-01 1.446125656507011303e-01 2.595678868100914083e-01
2.130651457538869642e-01 2.119176370656342123e-01 1.999119624758152747e-01 1.666126041796306412e-01 2.084926505250329354e-01
1.434475131928622527e-01 1.858725172913417434e-01 2.034778385005499568e-01 2.330187571193831908e-01 2.341833738958629119e-01
1.248422361082103804e-01 3.161698272482166283e-01 5.374915108731807140e-02 1.035075450614725417e-01 4.017312404947822047e-01
6.037889677270247973e-02 2.936023484821911889e-01 1.202334048764073932e-01 2.889447856945330795e-01 2.368405641741658241e-01
6.487173202861654109e-02 2.831589653632810011e-01 9.755582846737534397e-02 2.352613923787497952e-01 3.191520817619772354e-01
2.415290511529756268e-01 2.392085266657873188e-01 1.293658879212100932e-01 1.221579824524563485e-01 2.677385518075707238e-01
2.047587170087139252e-01 2.692151970128462968e-01 1.459382172331901428e-01 1.457794353369145646e-01 2.343084334083351261e-01
2.250704705555617857e-01 2.512211830949599434e-01 1.247378862973932551e-01 1.245704080323498802e-01 2.744000520197352189e-01
1.497789601180913865e-01 2.378230934096735583e-01 1.545256413288216835e-01 1.478377183012752893e-01 3.100345868421379714e-01
1.471122436887296325e-01 3.211045001207872285e-01 8.199626433853453300e-02 1.801332469394002489e-01 2.696537449125483432e-01
1.869058627766505831e-01 1.802399667940845496e-01 2.064635651275797679e-01 1.883128509750421897e-01 2.380777543266428542e-01
1.154885803442432801e-01 2.328693767654307356e-01 1.823668891666694325e-01 2.117320574989598747e-01 2.575430962246966216e-01
2.074618492266806224e-01 1.859617969176922125e-01 2.243852036035391129e-01 1.804140655876099175e-01 2.017770846644780514e-01
2.907391355815143741e-01 2.018750610554690406e-01 1.641714384267608795e-01 3.759672557536559989e-02 3.056176393608901476e-01
2.064589570791395545e-01 2.413142657595736817e-01 9.377587144341045788e-02 9.276938697000920719e-02 3.656815187478670848e-01
2.354729350300485136e-01 2.095740541064872453e-01 1.995096702748463124e-01 9.845192367208202566e-02 2.569914169165359863e-01
2.266812107508948126e-01 2.176160252894460689e-01 1.197597337336605977e-01 1.540980451894205239e-01 2.818449850365780107e-01
2.118808321016673046e-01 2.505683519838722839e-01 1.197382155333339138e-01 1.013194472400532758e-01 3.164931531410731802e-01
2.119671303766308690e-01 2.938768311457191640e-01 9.528822262277288069e-02 1.236198059446929343e-01 2.752480099101841104e-01
1.338525840152415824e-01 2.373119020209313590e-01 1.908583432868234953e-01 2.101239790055249579e-01 2.278531916714785499e-01
2.457167418758446006e-03 3.121055316987555450e-01 1.261550958470378792e-01 2.601186931341361586e-01 2.991635119013120736e-01
2.078567069400080181e-01 2.201637643967113422e-01 1.405134870269204583e-01 2.432713332771834769e-01 1.881947083591768155e-01
2.274937706071022692e-01 1.977901860084472496e-01 1.974345698955176642e-01 1.640012389445000829e-01 2.132802345444327063e-01
1.240940377275976392e-01 4.082659054146440258e-01 1.216327083708570317e-01 4.347882016960481072e-02 3.025285283172963746e-01
1.995224932303618359e-01 2.321925650945690367e-01 1.642089404878402659e-01 2.291847716977985783e-01 1.748912294894302832e-01
2.313025500127408596e-01 3.394401332987629916e-01 5.376568400342624648e-02 3.162939665440153703e-02 3.438622360306683445e-01
7.788997885143078559e-02 2.828768345508455573e-01 1.094080305503771777e-01 2.700766986602885500e-01 2.597484573870578739e-01
1.104835726544286210e-02 2.607537518685283384e-01 1.255657515555798076e-01 4.251037042788978759e-01 1.775284350315510518e-01
1.846808251075778284e-01 2.434194345204656607e-01 1.721032406384558622e-01 1.855583363121616480e-01 2.142381634213390007e-01
6.701789220911227862e-02 3.048252955190354774e-01 8.856763055250067851e-02 2.392304809176220015e-01 3.003587008017295501e-01
7.731313234265142775e-02 2.785320812448844330e-01 1.538052304591392416e-01 1.930599624463061048e-01 2.972895935070188345e-01
2.138183488811438437e-01 2.196252397133720557e-01 1.661377722840157722e-01 1.547232116232292731e-01 2.456954274982389996e-01
2.721267630322553033e-01 3.768485242517964906e-01 0.000000000000000000e+00 0.000000000000000000e+00 3.510247127159482616e-01
2.159421929347838109e-01 3.793073405157705857e-01 0.000000000000000000e+00 0.000000000000000000e+00 4.047504665494454645e-01
1.477680698046584251e-01 2.199310869246671740e-01 1.723908215270397171e-01 2.318740031512640520e-01 2.280360185923705485e-01
1.004032209078992988e-01 2.367340140352870992e-01 1.822825892421756355e-01 2.863393908301831714e-01 1.942407849844547951e-01
1.220782574026419431e-01 2.664480646092263205e-01 1.363701207230754164e-01 2.579350644435888240e-01 2.171684928214674404e-01
1.334452656231105150e-01 2.662797802900048194e-01 1.627198114678359009e-01 2.253589988262854893e-01 2.121961437927633309e-01
9.083307798564929647e-02 2.895319268643031796e-01 1.679436954789951253e-01 2.140949705594546726e-01 2.375963291115977816e-01
1.628407783205035597e-01 3.916160494590682495e-01 1.161236635676533846e-01 6.125353673683452127e-02 2.681659719159402155e-01
1.507242481042745941e-01 3.231354856893287608e-01 5.222389393462649465e-02 1.496009899074723370e-01 3.243153823642977995e-01
2.093587260520758109e-01 2.219878633578393767e-01 1.730178790862413329e-01 1.577674387183503613e-01 2.378680927854931459e-01
1.459085060225019104e-01 3.170245335080689175e-01 5.505308429496098832e-02 1.232497571873380909e-01 3.587641189871300096e-01
2.496447975947386488e-01 3.733877452308528855e-01 0.000000000000000000e+00 1.098668482853175756e-03 3.758687886915553222e-01
1.599518493333383362e-01 2.350813020234749640e-01 1.460993093576907764e-01 1.413680225865007745e-01 3.174995166989951212e-01
2.291753993043291471e-01 2.408704262987340361e-01 1.436377275058090819e-01 1.340243990359026027e-01 2.522920478552252987e-01
4.476149413632816987e-02 3.063272661300370792e-01 1.510347770999341810e-01 2.562326786640155007e-01 2.416437839696849998e-01
7.207142382035504335e-02 2.445462863522527286e-01 1.864192070091557907e-01 2.932081023313571899e-01 2.037549804868793724e-01
2.249219977388876301e-01 2.246676192227131108e-01 1.694534613365669962e-01 1.504144550814477121e-01 2.305424666203844952e-01
2.102813318746312721e-01 3.651386779828494356e-01 0.000000000000000000e+00 0.000000000000000000e+00 4.245799901425193479e-01
7.580151361494852358e-02 3.312807908348784358e-01 5.504427916703542173e-02 2.120912785018854441e-01 3.257821378812521540e-01
2.263298227275979124e-01 1.996137668337739646e-01 1.764671098967992846e-01 1.805172714840188319e-01 2.170720290578099509e-01
2.099710131442521222e-01 1.944501647406019218e-01 1.998829396512695200e-01 1.880915099851479810e-01 2.076043724787285105e-01
1.517969125414438958e-01 1.926539095117701661e-01 1.913838651647001010e-01 1.734750937074831245e-01 2.906902190746027403e-01
2.165235345306208148e-01 4.164782637109484820e-01 0.000000000000000000e+00 0.000000000000000000e+00 3.669982017584307310e-01
2.439377790167174265e-01 2.587724821242980977e-01 1.232046621728276614e-01 1.177762891173150667e-01 2.563087875688417894e-01
2.336411566923094485e-01 4.376581548169138358e-01 0.000000000000000000e+00 0.000000000000000000e+00 3.287006884907766602e-01
2.073073439663175865e-01 1.998952848523135317e-01 2.649687790943024424e-01 1.947055000492056709e-01 1.331230920378608518e-01
1.076122236064641496e-01 3.796160163938449017e-01 5.151733505926432699e-02 1.107258358239276846e-01 3.505285891164988121e-01
8.226452717259609415e-02 3.059817953619071718e-01 1.795235404178702754e-01 2.263667092019854832e-01 2.058634278456409061e-01
1.979545825852576102e-01 3.327278630176517260e-01 4.441238355600016924e-02 0.000000000000000000e+00 4.249051708410906403e-01
2.199043628084698110e-01 1.763095264173127619e-01 1.827828501286541674e-01 2.327998898408942252e-01 1.882033708046689513e-01
1.734085586906882470e-01 2.466790414800152653e-01 1.964227305058393325e-01 2.145015759213354800e-01 1.689880934021217029e-01
1.735919286354478952e-01 2.028797330814725575e-01 1.933311071993902008e-01 2.016720477313677928e-01 2.285251833523214704e-01
1.869263636780703342e-01 3.799036418932764114e-01 5.427245240723185121e-02 4.478739734969475889e-02 3.341101446717267276e-01
2.109996147782580989e-01 3.756394727398598143e-01 0.000000000000000000e+00 0.000000000000000000e+00 4.133609124818822256e-01
1.319211255301173114e-01 3.457642918384585817e-01 6.456501716973915561e-02 1.218836156611707577e-01 3.358659498005142074e-01
1.158203355797105261e-01 2.834646332930030876e-01 1.866904891406488687e-01 1.756969319477545699e-01 2.383276100388829200e-01
1.111308508672314843e-01 2.781019591616767928e-01 1.040107008410995071e-01 2.174706260632978949e-01 2.892858630666942377e-01
1.037567916830995363e-01 2.668301794307798569e-01 1.917248534918200298e-01 2.424772669221865462e-01 1.952109084721140031e-01
9.631396949192130852e-02 2.901307851970594820e-01 1.631121099736437818e-01 2.069674140197783341e-01 2.434757213175970658e-01
1.585449636694524211e-01 2.055538726931656068e-01 1.934725229603581065e-01 1.879252209058073220e-01 2.545034197712165991e-01
2.315974546047449012e-01 2.517663226280913991e-01 1.349643164571160125e-01 1.259754871766158024e-01 2.556964191334318293e-01
2.086384262066935669e-01 3.468842898895176385e-01 5.895507664914199919e-02 3.486352701457972464e-02 3.506586802400671332e-01
2.416769352324879272e-01 2.643339232952632845e-01 1.144880602458719504e-01 1.135977624763738342e-01 2.659033187500028372e-01
7.077024616872011620e-02 2.923723765893011528e-01 1.157797330094155058e-01 2.696612924319157778e-01 2.514163518006473641e-01
1.936066762788159756e-01 1.974824474417354592e-01 1.810125114987568840e-01 2.119029319008411127e-01 2.159954328798505963e-01
2.027744647185127647e-01 3.464326450948160829e-01 1.048144542501891346e-01 4.877686737389844845e-02 2.972015685625836734e-01
4.977054273674839241e-02 1.772330943569637995e-01 2.359720657707135849e-01 3.184923130494199950e-01 2.185319840861542351e-01
1.185262753054808493e-01 2.510975118234886061e-01 1.379179222574197228e-01 2.258393877682562112e-01 2.666189028453546106e-01
1.976311763533898647e-01 1.668916683114431698e-01 1.972097552864865433e-01 2.270268678282856556e-01 2.112405322203947666e-01
2.051541762174466099e-01 2.116795131876916813e-01 2.041686119382247200e-01 1.830567006097635896e-01 1.959409980468734547e-01
2.231186110562158043e-01 2.022998578036213080e-01 1.942989695470654921e-01 1.797743202151204645e-01 2.005082413779770423e-01
5.923125177184771634e-02 3.063138523118018042e-01 1.854279815341315085e-01 2.354365370985847250e-01 2.135903772836342251e-01
1.266398223296781866e-01 3.291625317064202361e-01 8.175893729819376510e-02 1.332168529838000381e-01 3.292218556819077602e-01
1.894317329050438092e-01 1.840803782851574699e-01 1.660286445845640668e-01 2.408141186436421333e-01 2.196451255815925485e-01
1.011307309293553447e-01 2.425876945472758284e-01 1.861432028956838680e-01 2.316017538107339735e-01 2.385366178169509299e-01
8.477783161929566824e-02 3.329449460231551083e-01 1.642770818990518245e-01 1.635745273941934252e-01 2.544256130643040015e-01
1.721214691371766858e-02 2.590990193548982079e-01 1.585419143860032354e-01 3.457754780223565860e-01 2.193714413230243021e-01
1.593541774624314122e-01 2.490015567757439818e-01 1.816142170104869391e-01 1.893152822542155667e-01 2.207147664971220724e-01
1.769249537486899115e-01 2.175260412427198475e-01 2.483887485452823118e-01 1.669984455237243093e-01 1.901618109395837308e-01
1.399288278755648207e-01 2.355377842699117596e-01 1.493203253204329062e-01 2.329854327609679754e-01 2.422276297731225936e-01
2.079557940128610727e-01 4.002670784695089856e-01 0.000000000000000000e+00 0.000000000000000000e+00 3.917771275176299417e-01
7.400587449803813778e-02 3.102328323430136869e-01 1.312598373012033304e-01 1.888040970304238064e-01 2.956973588273211218e-01
1.268070807629520513e-01 2.519115014367561689e-01 1.831628793254101162e-01 2.236299607634108233e-01 2.144885777114707570e-01
2.409460798684480431e-01 1.680508267647435883e-01 2.214107243147804827e-01 2.249559583733894141e-01 1.446364106786383608e-01
2.048208266951674072e-01 1.691612410114166631e-01 2.151878753804430944e-01 2.350823934569020168e-01 1.757476634560708184e-01
1.300751178765588989e-01 2.336441763327802290e-01 2.111546155971337768e-01 1.702405035562322977e-01 2.548855866372947698e-01
1.093875974886933250e-01 3.237848048777366983e-01 1.016687600439148409e-01 1.885261016926812472e-01 2.766327358969738470e-01
9.306390176272601178e-02 2.800490370523636696e-01 1.811685121433856405e-01 2.368314936118950387e-01 2.088870554296297088e-01
1.166644908017964583e-01 2.974722336844676795e-01 9.758110068794753622e-02 1.510344857909970973e-01 3.372476890347913536e-01
2.399500225938751008e-01 2.236975673348468863e-01 1.604617871670805662e-01 1.431994366706216271e-01 2.326911862335758752e-01
2.209832920383575927e-01 2.259685816903601874e-01 1.641266388750060590e-01 1.504961185779991606e-01 2.384253688182769726e-01
1.605454765683151375e-01 3.310056008204242395e-01 8.623865483267074972e-02 1.089686923296642324e-01 3.132415754489257242e-01
2.466886628586326957e-01 3.594447902971248943e-01 0.000000000000000000e+00 1.541823314692170434e-03 3.923247235295502233e-01
9.832189444524541688e-02 2.549203517036998101e-01 1.031782436690722449e-01 2.490888377786857344e-01 2.944906724032969048e-01
2.597350982706274625e-01 2.999662179875242640e-01 6.117969391778906030e-02 6.985725823731996076e-02 3.092617315867393080e-01
1.455076857762910847e-01 2.037328598108458511e-01 2.141353387689564902e-01 2.427623580504924827e-01 1.938617575934141468e-01
8.785086948577809640e-02 2.744315408654713906e-01 6.681769777054674675e-02 2.721513653311568581e-01 2.987485265470469220e-01
1.020575368517332715e-01 2.084375211751664514e-01 2.241647978264351970e-01 2.397806071884460710e-01 2.255595369582191201e-01
2.298448570277554226e-01 2.434536872892232029e-01 1.376973759085458604e-01 1.311067392477677229e-01 2.578973405267078745e-01
7.260371557171685364e-02 2.330134045827927658e-01 1.643852879799541089e-01 3.079134087328826985e-01 2.220841831326535454e-01
1.782859467009404175e-01 2.883382659419491123e-01 8.062422474935529437e-02 1.101568923077707318e-01 3.425946702999844717e-01
9.462110626263656524e-03 3.004245566589053840e-01 1.243559801628335432e-01 3.244756488753092194e-01 2.412817036766882195e-01
1.240685008684577623e-01 2.497561701145014634e-01 1.690996091670805002e-01 2.460327915648080066e-01 2.110429282851521982e-01
1.237355143448505834e-01 2.651023113759639616e-01 2.339767668086985830e-01 1.660411698968514427e-01 2.111442375736355959e-01
9.861323447173293844e-02 2.119331213459894891e-01 1.275474704354199740e-01 3.351583251078172343e-01 2.267478486390404335e-01
4.037921436479989523e-02 3.623216895634540080e-01 1.336638894927371923e-01 2.513885544591786259e-01 2.122466521198302924e-01
5.543334179539908396e-02 4.049340514370848854e-01 2.569581757546006429e-02 2.053045061714790509e-01 3.086322830205768253e-01
1.341512048671997803e-01 2.725116875191644916e-01 1.914934736500509826e-01 1.422532623156805565e-01 2.595903716479041612e-01
1.572938665188002016e-01 1.852770123965656046e-01 2.098490469328909147e-01 2.665881667319109916e-01 1.809919074198323985e-01
1.367117818466085932e-01 2.314770662709735860e-01 1.868071906597479348e-01 2.017374921187142234e-01 2.432664691039558291e-01
1.318888663193578947e-01 1.955103082843988316e-01 1.642727678833027782e-01 2.493012965926260649e-01 2.590267609203144583e-01
1.182487246624803062e-01 2.359028345370896562e-01 2.503162426240877481e-01 1.925954599522167188e-01 2.029367382241255846e-01
2.478837061297471667e-01 2.655961583636672896e-01 1.087214623335330949e-01 1.074508417383734371e-01 2.703478314346790534e-01
1.173469095563339226e-01 1.937635395914838465e-01 2.404608133154911564e-01 2.604817404473948050e-01 1.879469970892963526e-01
3.506916748495650382e-02 2.716808484373325339e-01 1.481322353163931904e-01 2.893962277072799072e-01 2.557215210540377814e-01
1.982091692263481253e-01 2.126050740916006765e-01 2.395882338016531443e-01 1.780336483310710760e-01 1.715638745493270056e-01
2.085370922871362664e-01 2.110617673079016876e-01 1.696153558459974342e-01 1.539283820679541448e-01 2.568574024910105225e-01
2.482875992423159428e-01 1.772864172921383152e-01 3.223027901052201161e-01 6.348432313664671700e-02 1.886388702236790060e-01
9.132605369615781621e-02 3.788316927883865204e-01 8.388285172843841508e-02 1.352285615858723755e-01 3.107308402011448312e-01
1.496227091559051148e-01 2.518371962995570312e-01 1.675516232658948446e-01 2.408176907529270827e-01 1.901707805257159267e-01
2.361191527455774042e-01 1.959021655473006385e-01 1.942760398532998312e-01 1.455937325918814362e-01 2.281089092619408287e-01
9.988828943463153032e-02 2.790316514312344287e-01 1.275807719308212906e-01 2.498618210011301910e-01 2.436374662021824899e-01
1.402734798838927432e-01 2.152848216635644407e-01 1.827747450690405118e-01 2.645493962543170041e-01 1.971175571291853557e-01
1.411261835559819711e-01 2.464204163242667833e-01 1.898831822701785021e-01 2.116465056769205322e-01 2.109237121726521835e-01
1.192800749595950283e-01 2.434189193543839780e-01 1.274281414089590836e-01 2.358981955869195457e-01 2.739746686901421979e-01
1.986043848483435847e-01 2.150083815317201108e-01 1.602960597480409533e-01 1.660628085233972207e-01 2.600283653484982138e-01
2.205936589576051599e-01 2.486176196226029533e-01 1.429895167725548366e-01 1.321032291786387869e-01 2.556959754685982356e-01
2.013893069480441056e-01 1.807981550801487647e-01 1.794838508178531744e-01 2.261512015181637303e-01 2.121774856357902528e-01
1.614976325533910573e-01 3.200146081318558933e-01 9.310011387169886410e-02 8.727392532924838076e-02 3.381137201138058046e-01
2.283838603225444297e-01 2.554111118476357078e-01 1.089306901189921600e-01 1.038816373961790607e-01 3.033927003146487111e-01
2.820898721065703482e-02 2.931856546632729543e-01 1.561557150780331638e-01 3.170363974028665432e-01 2.054132456451703559e-01
1.923821990935138115e-01 3.521979927958440171e-01 4.850546472402935544e-02 4.432410040403624019e-02 3.625902429825766382e-01
1.324165656971393601e-01 3.016274361667753978e-01 9.282035705586974550e-02 2.092757067567800056e-01 2.638599343234355188e-01
2.034802702963328935e-01 2.400111337143813195e-01 1.243954305148873840e-01 1.486069899276133421e-01 2.835061755467850331e-01
2.059310909508101362e-01 1.722567605120376710e-01 2.131590270828172540e-01 2.102569717915006575e-01 1.983961496628343091e-01
6.968375972078132141e-02 2.467570764165995523e-01 2.209051445739612929e-01 2.115240027047557148e-01 2.511300165839021048e-01
6.475056984437213559e-02 2.256504746097847403e-01 1.272643884357892163e-01 2.520779823660798113e-01 3.302565847439740132e-01
2.203244300306542169e-01 1.815272099010458440e-01 2.132978914665169812e-01 2.106219842098836226e-01 1.742284843918993631e-01
2.009765656485260066e-01 1.197417441868680599e-01 1.447613835073772171e-01 2.743740782641401754e-01 2.601462283930885966e-01
1.422862478733374347e-01 3.345250226446520037e-01 9.993258433863720647e-02 9.682217307070564716e-02 3.264339720726676108e-01
3.802871860469635157e-02 3.831364006587648641e-01 7.108375848750859982e-02 2.229618118496703993e-01 2.847893103993598407e-01
1.498339638398422102e-01 3.469930786377019571e-01 7.085948437101517727e-02 8.443900608128480922e-02 3.478744670701557351e-01
1.195346668114477401e-01 3.598251901902401739e-01 4.614088746232745952e-02 1.239133121404581428e-01 3.505859433955264559e-01
2.318895018350161652e-02 2.503372070963079676e-01 1.607580668855480011e-01 3.349519165623002781e-01 2.307638592723421644e-01
1.510612251265393835e-01 2.259684619008027473e-01 1.840760973994202132e-01 2.074031922736392364e-01 2.314910232995983086e-01
1.938159090402337414e-01 3.023954541095557613e-01 1.448906421446897741e-01 1.061945294646380461e-01 2.527034652408827187e-01
2.784394380501959421e-01 2.508517954134331096e-01 1.404424445336011906e-01 7.330958477651731975e-02 2.569567372262523963e-01
2.211279529444381275e-01 1.797116271261838538e-01 2.151115327045325376e-01 2.011122690295177873e-01 1.829366181953276105e-01
1.197001752073117847e-01 2.770841695016126871e-01 1.880250331427532895e-01 1.357349265644935410e-01 2.794556955838287116e-01
6.047783105336276138e-02 2.668222283358386848e-01 2.150617578366799953e-01 2.263983242967875509e-01 2.312398584773310839e-01
2.537011576661707402e-01 2.921957126928850790e-01 7.921055440409714710e-02 8.165381532943014053e-02 2.932387599074168794e-01
1.269341722972252007e-01 1.999085556112264461e-01 1.423496200599618788e-01 2.749963304665832275e-01 2.558113215650031913e-01
1.264716725614956905e-01 2.327229599628602985e-01 1.823544238861793676e-01 2.699733212724887976e-01 1.884776223169757625e-01
6.550311736809517893e-02 2.593560323820217617e-01 9.067468278538078075e-02 2.751475800382328085e-01 3.093185874262694424e-01
2.099184839357569610e-01 1.695114653852505815e-01 2.099115342774555137e-01 2.003712340129911451e-01 2.102872823885456599e-01
9.694353577658174070e-02 2.390947155743845254e-01 1.506883451739308155e-01 3.321104709615578243e-01 1.811629325135452051e-01
5.992098056617520263e-02 3.581186790469134684e-01 7.772483435193566770e-02 1.863226324144734436e-01 3.179128736205023009e-01
1.993605018258403916e-01 2.070612012389257961e-01 2.219752033983907469e-01 1.865893129470918010e-01 1.850137805897512644e-01
8.860410235850406380e-02 2.224078630171676396e-01 1.826444741243265502e-01 2.816896077991689618e-01 2.246539527008327986e-01
2.076931180099125807e-01 1.059361584865085026e-01 9.263164773898593940e-02 3.370659614732853249e-01 2.566731142913076247e-01
1.323596724856007378e-01 2.269555040607196816e-01 2.577655197423416866e-01 2.194206423736598799e-01 1.634986613376779863e-01
1.218529819505031475e-01 1.911396586733815628e-01 1.619581405406289309e-01 2.952180021560920631e-01 2.298312166793942957e-01
1.881713076787143724e-01 2.197361459641491988e-01 1.497351328997911790e-01 1.433705557822025911e-01 2.989868576751426033e-01
1.062830402022848092e-01 2.978378406304368897e-01 1.989270435350115884e-01 1.360641840727217500e-01 2.608878915595448933e-01
1.485640199444219489e-01 4.546800967204961408e-01 0.000000000000000000e+00 0.000000000000000000e+00 3.967558833350820491e-01
1.132978390736767565e-01 3.171521115440050220e-01 1.032370681138440605e-01 1.924216788387973498e-01 2.738913024296768528e-01
1.227067777173894703e-01 2.650970667938452041e-01 7.515022703604079535e-02 2.602275235625545191e-01 2.768184048901701777e-01
0.000000000000000000e+00 2.921806642824694711e-01 1.542258899023902785e-01 3.438372120460871373e-01 2.097562337690530576e-01
1.946646878060020180e-01 1.669012107890147645e-01 2.018869660759129436e-01 2.501814528066836907e-01 1.863656825223865832e-01
2.243176168775254387e-01 2.322410009022066457e-01 1.154366243243859086e-01 1.319959523191805706e-01 2.960088055767013393e-01
1.326219586563899544e-01 2.561801802275872619e-01 1.315722480754366042e-01 2.348876925812847793e-01 2.447379204593013169e-01
1.848087084938258295e-01 2.438680518788075846e-01 1.393200082438302567e-01 1.231957482523883540e-01 3.088074831311479751e-01
1.908425454966376500e-01 3.167481275596313872e-01 9.973213213363385510e-02 8.586263694413240333e-02 3.068145578659646766e-01
2.001289132865886888e-01 2.242755752038616268e-01 1.340608568845822191e-01 1.207134087209699724e-01 3.208212459039974651e-01
1.676411136220231635e-01 2.059398488835462449e-01 1.987369553424627178e-01 2.159740770828429968e-01 2.117080050691249327e-01
4.927335725001633776e-02 2.564400725263617509e-01 1.114069934397755729e-01 2.684879852176320081e-01 3.143915915662143790e-01
1.266080502197977353e-01 3.350895861034908219e-01 1.236680578617899151e-01 9.822377495445823448e-02 3.164105308604633349e-01
3.104410641472198917e-01 2.137542284463891940e-01 2.045993806394801606e-01 0.000000000000000000e+00 2.712053267669107259e-01
1.474383164212316188e-01 2.523599282334332838e-01 1.574736977667321458e-01 2.212378990307266313e-01 2.214901585478762647e-01
2.032834852446696039e-01 3.907887681832751259e-01 2.457302404269032237e-02 4.215524024253045066e-02 3.391994822868345527e-01
0.000000000000000000e+00 2.732682365705056404e-01 1.745179419583514080e-01 2.887031103497141316e-01 2.635107111214287645e-01
1.167608531139111283e-01 3.233889117567849136e-01 8.825545167019360759e-02 1.422022305982851009e-01 3.293925528608251940e-01
2.621011995200011602e-01 2.297456063923389302e-01 1.870234792094337406e-01 9.167319819125890890e-02 2.294565166869673434e-01
1.264041126315617325e-01 2.518544247016605286e-01 1.268608680618079909e-01 2.706797301954644297e-01 2.242008644095052905e-01
1.523196093418223152e-01 3.041988296735214092e-01 1.631543263148977352e-01 1.816868400414383966e-01 1.986403946283200328e-01
1.666791615520841485e-01 2.570012159588169198e-01 1.745175332979848337e-01 1.731836547620694555e-01 2.286184344290446424e-01
1.829032603197073004e-01 1.948794966443499199e-01 2.176991181484623783e-01 1.918501670116190549e-01 2.126679578758613187e-01
1.900998447253076928e-01 3.111226497869983287e-01 1.102474260697682978e-01 9.796331523102914940e-02 2.905667641868963647e-01
2.123040445244174790e-01 2.213768408395030696e-01 1.723260351376303678e-01 1.561513994066601185e-01 2.378416800917887708e-01
2.168748395157428510e-01 1.825065047520482986e-01 1.935940998306855954e-01 2.266644727639584023e-01 1.803600831375649638e-01
2.367116224744537228e-02 2.593368752326813964e-01 1.431279429137151948e-01 2.944345161352138751e-01 2.794295034709441405e-01
1.135397278832867007e-01 2.814196164402178457e-01 1.718373587639260569e-01 2.090878219002427485e-01 2.241154750123267592e-01
1.287991507265820457e-01 2.266745029317858151e-01 1.915580171733158865e-01 2.822275101762939942e-01 1.707408189920222863e-01
4.197694186355143547e-02 3.451762396301616409e-01 1.165634035720061051e-01 2.132758938531493509e-01 2.830075210811314745e-01
1.480185962998269711e-01 2.937439045113321989e-01 1.443519303091255201e-01 1.650167245387021420e-01 2.488688443410131956e-01
2.333806652439230633e-01 2.464732105600505874e-01 1.334492289004696464e-01 1.282598291571082905e-01 2.584370661384483014e-01
2.515888508069777374e-01 1.995039869489851070e-01 2.093214721835526815e-01 1.213352623260788576e-01 2.182504277344056720e-01
1.715472023421914516e-01 3.960612585228266425e-01 4.117672521835853694e-02 0.000000000000000000e+00 3.912148139166233274e-01
1.661410111097395281e-01 2.306955575288943128e-01 1.313596761458482309e-01 2.143043547267559357e-01 2.574994004887620203e-01
1.617634641042558219e-01 4.098284593877149495e-01 5.838653698993970416e-03 3.977025893288971964e-02 3.827991638761454873e-01
9.845829887450599505e-02 3.577241014958693066e-01 4.889952648646192501e-02 1.966061018471166322e-01 2.983119712960461967e-01
2.595474261485958278e-01 2.796471104447330047e-01 9.385535208469629465e-02 9.105492927301576944e-02 2.758951820489590201e-01
2.294721359255934567e-01 2.149729700632457274e-01 1.955187858890699848e-01 1.572940893902204651e-01 2.027420187318703937e-01
1.797499728550241704e-01 2.338771909686487016e-01 1.878586953700860929e-01 1.631672126407836820e-01 2.353469281654574918e-01
7.671315401458700389e-02 3.008447734989368461e-01 7.018603092131767140e-02 2.134559547878674135e-01 3.388000867772911207e-01
2.202547756264066903e-01 1.906462114343146774e-01 2.368910578771130093e-01 1.840307174160185910e-01 1.681772376461469765e-01
1.563353587531753630e-01 2.281823164879841770e-01 1.720394455616152674e-01 2.502508694707750725e-01 1.931920097264499814e-01
1.249410947127811838e-01 3.398340951272613153e-01 6.234129098737845043e-02 1.710391641875833313e-01 3.018443549849958440e-01
1.359422016728621674e-01 2.568093509239907646e-01 1.572490613869106379e-01 2.213993009186135397e-01 2.286000850976230014e-01
4.113042351214281356e-02 3.622697658949993182e-01 8.186175535822930172e-02 2.319194368504623460e-01 2.828186183841662205e-01
9.571605850896257317e-02 3.470347168023962814e-01 1.059248205217105387e-01 1.926319568368526081e-01 2.586924473300781235e-01
1.931880323881926820e-01 2.119997533365304276e-01 2.457553559534299825e-01 1.803893542435590358e-01 1.686675040782878443e-01
9.632144717966920067e-02 3.253513641636949227e-01 8.318544147440852521e-02 2.095583554797243175e-01 2.855833917025031310e-01
0.000000000000000000e+00 2.529529124073015556e-01 1.612043079992814543e-01 3.186376384733157763e-01 2.672051411201011306e-01
2.458541917748693906e-01 2.083656059536584948e-01 1.826959966561661486e-01 1.959013597993880806e-01 1.671828458159179687e-01
1.091842305189278661e-01 3.224417203084294914e-01 1.402290381835815669e-01 1.284844851958556744e-01 2.996605257932053457e-01
1.884017673783809355e-01 2.219370882604920214e-01 2.307309177361710761e-01 1.245319109166164728e-01 2.343983157083394386e-01
1.216156942737373625e-01 2.095201503685580890e-01 1.381071026573706673e-01 2.878725103459020551e-01 2.428845423544318816e-01
2.201578110440650105e-01 2.485157938723691062e-01 1.410527994417080100e-01 1.307774422024653438e-01 2.594961534393925850e-01
2.423304029960745565e-01 2.035039127287610605e-01 1.974291143957440098e-01 1.508625545674334989e-01 2.058740153119868743e-01
2.577199155572162392e-01 3.156034730295094737e-01 2.921487146904498330e-02 2.760531651675086906e-02 3.698564234274784868e-01
2.135678533145356772e-01 7.247758453174350801e-02 7.542843473344644500e-02 4.374594193262696384e-01 2.010667080940046481e-01
1.493833183232224360e-01 2.770060039966376064e-01 9.324607737147268260e-02 1.798307430224924952e-01 3.005338572861747659e-01
2.438502284168972134e-01 1.923216169398957731e-01 1.859148756319738693e-01 1.836538088740409524e-01 1.942594701371922472e-01
1.224391087917297422e-01 2.851467114641222378e-01 1.616794220949118455e-01 1.372064834823954471e-01 2.935282741668407969e-01
1.207096950200164248e-02 5.002267913833954305e-01 0.000000000000000000e+00 6.196492852164077469e-02 4.257373105929622148e-01
9.592295779565349068e-02 2.411659632381556451e-01 2.040070496955538881e-01 2.725592701956486286e-01 1.863447590749882643e-01
1.742422240489498730e-01 3.399337374312501603e-01 4.898387069076608202e-02 4.459864333793128049e-02 3.922415244911025556e-01
8.247343272218617127e-02 2.440560635632355313e-01 1.705494073279055500e-01 3.249263783153450436e-01 1.779947180713276622e-01
1.877026321054255098e-01 2.084906592967226691e-01 2.058266517904338011e-01 1.951315582858985653e-01 2.028484985215194270e-01
1.959227734027701728e-01 3.107831558021871832e-01 4.748628922061201574e-02 1.140490450051436788e-01 3.317587365692870049e-01
1.837165411713499452e-01 2.837794507769365038e-01 1.199359960047153700e-01 1.638999367580314670e-01 2.486680752889668111e-01
1.226730522928296263e-01 2.382578056918819853e-01 8.594167058684160088e-02 2.120869191895090322e-01 3.410405522389376998e-01
1.812419970542971659e-01 3.309448627944593380e-01 8.310885527193996591e-02 1.147947688914374570e-01 2.899095159878660732e-01
1.726284652784455254e-01 2.719186921174163163e-01 9.341666347606027154e-02 1.775564582210573950e-01 2.844797209070205057e-01
1.988029666462504674e-01 3.397785077647804131e-01 6.629319258155078054e-02 2.669880563541047677e-02 3.684265273720078726e-01
1.373391330835001256e-01 1.236935086542587520e-01 1.803466607158439872e-01 3.146904348879591695e-01 2.439302626584380351e-01
1.889551206925830784e-01 2.332553487091609534e-01 1.760504899609874607e-01 2.042296731766638229e-01 1.975093674606046845e-01
1.186147296739725049e-01 3.820581908446576413e-01 6.370248421407433137e-02 1.082217562901549857e-01 3.274028389771406200e-01
3.011510559453907665e-01 2.095791843272264976e-01 1.828908181782044340e-01 6.564109639707411958e-02 2.407378451521041685e-01
9.976097467813262176e-02 2.529622795210556552e-01 1.756231919770132877e-01 2.292698918433964672e-01 2.423836619804020098e-01
1.681199476878149635e-01 3.352647517250104126e-01 0.000000000000000000e+00 2.930973107670893363e-01 2.035179898200853432e-01
3.055767203269450505e-01 3.313434139457435146e-01 1.969558047739249085e-02 3.709191201748607974e-02 3.062923732324328574e-01
1.237829138248397187e-01 3.737087740546571335e-01 1.216126698201134160e-03 7.761036008401615838e-02 4.236818253382859112e-01
2.242036641989790802e-01 2.335057399518608579e-01 1.532031990314506875e-01 1.441804374993144733e-01 2.449069593183948734e-01
1.883613435703579142e-01 2.522949775219315849e-01 9.101936693173860726e-02 1.142842532083934437e-01 3.540400587675784361e-01
1.140777899290788822e-01 3.602175937915089721e-01 8.570955639473200327e-02 1.412170474889337668e-01 2.987780123957464173e-01
1.002268035099839472e-01 2.982041620793654535e-01 1.940880627305379413e-01 2.277538205570148189e-01 1.797271511230978114e-01
2.458089855878536900e-01 3.661538594836444838e-01 0.000000000000000000e+00 0.000000000000000000e+00 3.880371549285017707e-01
1.824979122526456943e-01 3.011872060066376200e-01 1.347877314024265027e-01 1.220413379982816376e-01 2.594858123400085037e-01
1.130750176863155182e-01 3.130141147910819321e-01 7.956641480040350933e-02 2.012370676036569217e-01 2.931073851185420076e-01
