3.333331651483735225e-01 3.333332565665133029e-01 3.333335782851131190e-01
3.333323995966579467e-01 3.333327232348718416e-01 3.333348771684702672e-01
3.333333119655185195e-01 3.333332960196494499e-01 3.333333920148320306e-01
3.333328865634329619e-01 3.333330133336777634e-01 3.333341001028893302e-01
3.333332899817516015e-01 3.333333080889827049e-01 3.333334019292657491e-01
3.333332449725098789e-01 3.333332696025352315e-01 3.333334854249550006e-01
3.333332502444979473e-01 3.333331755459172929e-01 3.333335742095847598e-01
3.333333383441044462e-01 3.333331432407712902e-01 3.333335184151242636e-01
3.333333106779115540e-01 3.333331993913561941e-01 3.333334899307321963e-01
3.333335562786481354e-01 3.333333117187538552e-01 3.333331320025980649e-01
3.333326092039207156e-01 3.333315777260020263e-01 3.333358130700773136e-01
3.333332797071242304e-01 3.333331731180310120e-01 3.333335471748447576e-01
3.333332468558484751e-01 3.333331741000305493e-01 3.333335790441209756e-01
3.333332626535444043e-01 3.333332704643111599e-01 3.333334668821444358e-01
3.333332574151489647e-01 3.333331520491514266e-01 3.333335905356996087e-01
3.333331325020706948e-01 3.333331866181619696e-01 3.333336808797671691e-01
3.333335194300022786e-01 3.333332789831953691e-01 3.333332015868024079e-01
3.333332932797185566e-01 3.333332861254988400e-01 3.333334205947826590e-01
3.333331229973901522e-01 3.333331873020566327e-01 3.333336897005532151e-01
