3.370426385638530253e-01 0.000000000000000000e+00 5.111420827557869861e-01 1.518152786803600440e-01
3.098813694301719157e-01 0.000000000000000000e+00 3.465601033899332051e-01 3.435585271798948792e-01
3.301371758080166585e-01 0.000000000000000000e+00 4.936520484760646421e-01 1.762107757159187826e-01
3.284320086265832273e-01 0.000000000000000000e+00 4.593825636145129065e-01 2.121854277589038384e-01
2.066647935645946066e-01 0.000000000000000000e+00 5.117452846968050251e-01 2.815899217386004239e-01
3.132596904851482900e-01 0.000000000000000000e+00 5.169243800559037982e-01 1.698159294589478563e-01
3.314842996893405114e-01 0.000000000000000000e+00 3.570856450256115755e-01 3.114300552850479686e-01
2.337989753371573776e-01 9.871616318298082060e-02 3.644214162170141269e-01 3.030634452628476749e-01
2.365250964807237288e-01 3.400116992966444734e-02 5.034018984033830080e-01 2.260718351862288644e-01
3.076791444036622303e-01 0.000000000000000000e+00 4.087067019536724244e-01 2.836141536426652898e-01
3.517189229992346289e-01 0.000000000000000000e+00 4.003516935234442409e-01 2.479293834773211302e-01
1.853165105109325639e-01 0.000000000000000000e+00 5.640759181467756012e-01 2.506075713422917794e-01
3.196040895046128316e-01 0.000000000000000000e+00 4.273155901933609613e-01 2.530803203020262626e-01
3.133372997608513399e-01 0.000000000000000000e+00 3.001880820863234711e-01 3.864746181528252444e-01
3.103507189422962109e-01 0.000000000000000000e+00 4.028363312383690942e-01 2.868129498193347504e-01
3.481397923522167592e-01 2.189633497525455587e-03 2.713109997089366843e-01 3.783595744413210671e-01
3.798401062664117922e-01 0.000000000000000000e+00 4.185545032363038320e-01 2.016053904972843758e-01
3.284538582689859876e-01 0.000000000000000000e+00 4.611134769767576413e-01 2.104326647542563156e-01
2.955935449851382346e-01 0.000000000000000000e+00 3.474995474801432782e-01 3.569069075347184872e-01
