5.167655453396622495e-02 7.492143466445898570e-01 1.242828248960284737e-01 7.482627392541542355e-02
0.000000000000000000e+00 4.267256802662512394e-01 5.685849995761259601e-01 4.689320157622823074e-03
4.239426518255975246e-02 6.809043893722037666e-01 1.905951827729250245e-02 2.576418271679439265e-01
5.457991539225899753e-03 4.669059138558219191e-01 4.996040963445306793e-01 2.803199826042161377e-02
3.641050356974348534e-02 7.099260193154592891e-01 4.280246962565954078e-02 2.108610074891376363e-01
1.606304004940767999e-02 5.796300930577066302e-01 3.051864592300699286e-01 9.912040766281576820e-02
8.450398409399625943e-02 4.570877003447282316e-01 2.514902525515452236e-01 2.069180630097304241e-01
1.489223579685492183e-01 3.651810305085023689e-01 1.676282603890633938e-01 3.182683511338850191e-01
8.116184534489866154e-02 3.049597733834404911e-01 3.329005237845147347e-01 2.809778574871460433e-01
8.389463982400020489e-03 0.000000000000000000e+00 0.000000000000000000e+00 9.916105360176000749e-01
4.209646272923519422e-02 1.133594674646910827e-01 6.598076774959453772e-01 1.847363923101283112e-01
5.450087021235746482e-02 3.950236406916379783e-01 2.780376010568231804e-01 2.724378880391813418e-01
1.704812950475040056e-01 4.026653611992313531e-01 1.549205727992754023e-01 2.719327709539893223e-01
4.259104916250296829e-02 6.251191899274116670e-01 1.712904115572330133e-01 1.609993493528523445e-01
8.939874355290974850e-02 3.226819824426073180e-01 3.586121909191192225e-01 2.293070830853637665e-01
9.771179426696384451e-02 4.997273021330510545e-01 2.324843647510894951e-01 1.700765388488957031e-01
2.253980651047716652e-02 2.179544382984319739e-01 0.000000000000000000e+00 7.595057551910908700e-01
1.749467962229650855e-02 5.987879352901116503e-01 2.424566522558906090e-01 1.412607328317012079e-01
1.552452313113770674e-02 2.673479499561701722e-01 6.196791741772850193e-01 9.744835273540711218e-02
