4.343026225092287522e-04 0.000000000000000000e+00 9.995656973774906806e-01 0.000000000000000000e+00
2.107986293342350714e-01 7.071943715853351575e-02 7.184819335072314406e-01 0.000000000000000000e+00
4.453066922788660904e-04 0.000000000000000000e+00 9.995546933077211760e-01 0.000000000000000000e+00
1.083857215898304362e-03 0.000000000000000000e+00 9.989161427841017904e-01 0.000000000000000000e+00
0.000000000000000000e+00 4.175170554970356607e-01 5.824829445029642283e-01 0.000000000000000000e+00
6.682176258367646029e-04 0.000000000000000000e+00 9.993317823741633132e-01 0.000000000000000000e+00
1.708585228176066617e-01 5.839645471249137881e-02 7.707450224699019525e-01 0.000000000000000000e+00
0.000000000000000000e+00 4.852656106380988654e-01 5.147343893619011901e-01 0.000000000000000000e+00
0.000000000000000000e+00 3.940468583391414370e-01 6.059531416608585630e-01 0.000000000000000000e+00
9.280867386077845671e-02 2.332072172338747057e-02 8.838706044158339825e-01 0.000000000000000000e+00
6.442975410124238134e-02 0.000000000000000000e+00 9.355702458987577019e-01 0.000000000000000000e+00
0.000000000000000000e+00 4.760493395508699210e-01 5.239506604491299679e-01 0.000000000000000000e+00
8.293070692679087308e-04 0.000000000000000000e+00 9.991706929307320184e-01 0.000000000000000000e+00
2.635920781985037764e-01 1.308563910737038649e-01 6.055515307277924419e-01 0.000000000000000000e+00
8.908343862262810275e-02 0.000000000000000000e+00 9.109165613773718695e-01 0.000000000000000000e+00
3.083592121349639226e-01 1.109802796353982490e-01 5.806605082296378839e-01 0.000000000000000000e+00
1.389623729914791573e-03 0.000000000000000000e+00 9.986103762700851982e-01 0.000000000000000000e+00
9.164062008882873766e-04 0.000000000000000000e+00 9.990835937991117133e-01 0.000000000000000000e+00
2.181211809538750046e-01 1.199758845711355465e-01 6.619029344749894905e-01 0.000000000000000000e+00
