1.573398360966258291e-01 0.000000000000000000e+00 8.161296203098615809e-01 2.653054359351244076e-02
1.517736909271214518e-01 0.000000000000000000e+00 8.377551598575893044e-01 1.047114921528915533e-02
1.670713376437797937e-01 0.000000000000000000e+00 8.181669684146553045e-01 1.476169394156482198e-02
2.036479511726738967e-01 0.000000000000000000e+00 6.984697785586163610e-01 9.788227026870967296e-02
1.690035391929750608e-01 0.000000000000000000e+00 0.000000000000000000e+00 8.309964608070249392e-01
8.554602057549390293e-02 0.000000000000000000e+00 7.845175799887589285e-01 1.299363994357470853e-01
2.611540152514015278e-01 0.000000000000000000e+00 7.156182535405056777e-01 2.322773120809265221e-02
1.436644347972813526e-02 0.000000000000000000e+00 0.000000000000000000e+00 9.856335565202718474e-01
5.796116094674116231e-02 0.000000000000000000e+00 0.000000000000000000e+00 9.420388390532588030e-01
2.389585797225574626e-01 0.000000000000000000e+00 7.325372209608995711e-01 2.850419931654286573e-02
4.312415806728678302e-01 0.000000000000000000e+00 5.048437595352677221e-01 6.391465979186450319e-02
0.000000000000000000e+00 0.000000000000000000e+00 0.000000000000000000e+00 1.000000000000000000e+00
1.754396801275069639e-01 0.000000000000000000e+00 7.511114918154394582e-01 7.344882805705355011e-02
1.471788234356932734e-01 0.000000000000000000e+00 8.414736453095222890e-01 1.134753125478453646e-02
1.353656557528874760e-01 0.000000000000000000e+00 8.153822389764443512e-01 4.925210527066821442e-02
3.034306679311440935e-01 0.000000000000000000e+00 6.925753067933052565e-01 3.994025275550631797e-03
3.357245269407702626e-01 0.000000000000000000e+00 6.017544682686580826e-01 6.252100479057161320e-02
1.085315613190028505e-01 0.000000000000000000e+00 7.070507810348863886e-01 1.844176576461107886e-01
1.308237308345405192e-01 0.000000000000000000e+00 8.459423888931582036e-01 2.323388027230131186e-02
