5.387315054394811176e-01 1.014300889126642652e-01 1.345668219550531456e-09 3.598384043021863876e-01
5.387315054394810065e-01 1.014300889126642652e-01 1.345668219550531870e-09 3.598384043021865542e-01
5.387315054394807845e-01 1.014300889126644040e-01 1.345668219550532904e-09 3.598384043021864986e-01
5.387315054394803404e-01 1.014300889126637795e-01 1.345668219550532490e-09 3.598384043021876644e-01
5.387315054394812286e-01 1.014300889126642513e-01 1.345668219550531456e-09 3.598384043021863876e-01
5.387315054394812286e-01 1.014300889126642374e-01 1.345668219550531870e-09 3.598384043021863876e-01
5.387315054394811176e-01 1.014300889126643346e-01 1.345668219550531456e-09 3.598384043021862211e-01
5.387315054394811176e-01 1.014300889126642513e-01 1.345668219550531043e-09 3.598384043021864431e-01
5.387315054394812286e-01 1.014300889126641542e-01 1.345668219550529802e-09 3.598384043021864431e-01
5.387315054394812286e-01 1.014300889126641958e-01 1.345668219550531250e-09 3.598384043021863876e-01
5.387315054394810065e-01 1.014300889126641264e-01 1.345668219550532077e-09 3.598384043021867207e-01
5.387315054394812286e-01 1.014300889126642929e-01 1.345668219550531250e-09 3.598384043021863876e-01
1.541627565837626716e-311 0.000000000000000000e+00 9.819248283787054912e-11 9.999999999018075458e-01
5.387315054394811176e-01 1.014300889126642652e-01 1.345668219550530836e-09 3.598384043021863876e-01
5.387315054394812286e-01 1.014300889126643068e-01 1.345668219550532077e-09 3.598384043021862766e-01
5.387315054394808955e-01 1.014300889126643068e-01 1.345668219550531663e-09 3.598384043021865542e-01
5.387315054394793412e-01 1.014300889126629329e-01 1.345668219550524839e-09 3.598384043021894962e-01
5.387315054394811176e-01 1.014300889126642236e-01 1.345668219550531456e-09 3.598384043021864431e-01
5.387315054394811176e-01 1.014300889126641680e-01 1.345668219550530009e-09 3.598384043021863876e-01
