3.333332046823944683e-01 3.333331907276592676e-01 3.333336045899462086e-01
3.333330299912677375e-01 3.333327968383659190e-01 3.333341731703664546e-01
3.333332527983370874e-01 3.333330530206184972e-01 3.333336941810444154e-01
3.333332514833934335e-01 3.333331400424730528e-01 3.333336084741335137e-01
3.333333334080358368e-01 3.333333302080216942e-01 3.333333363839425245e-01
3.333332429483300552e-01 3.333331938123300642e-01 3.333335632393398251e-01
3.333331018356586739e-01 3.333330165487033425e-01 3.333338816156379836e-01
3.333333224615989132e-01 3.333333261566025496e-01 3.333333513817984817e-01
3.333333198705616951e-01 3.333333218809249043e-01 3.333333582485133451e-01
3.333331622228449254e-01 3.333329841563478779e-01 3.333338536208073077e-01
3.333332530316017173e-01 3.333331423528286819e-01 3.333336046155696564e-01
3.333333279295889184e-01 3.333333258936785337e-01 3.333333461767324923e-01
3.333331711727077762e-01 3.333331561406110422e-01 3.333336726866811817e-01
3.333327966610301618e-01 3.333326543884793658e-01 3.333345489504904724e-01
3.333331951533249904e-01 3.333329597105076370e-01 3.333338451361674837e-01
3.333329689505659665e-01 3.333326875091408015e-01 3.333343435402933430e-01
3.333331901366998196e-01 3.333331937503257736e-01 3.333336161129743513e-01
3.333332285121993754e-01 3.333332495335553647e-01 3.333335219542454264e-01
3.333329890603228818e-01 3.333326903670184582e-01 3.333343205726586600e-01
