5.699120557056788217e-01 0.000000000000000000e+00 0.000000000000000000e+00 4.300879442943211783e-01
6.554257288727787234e-01 0.000000000000000000e+00 0.000000000000000000e+00 3.445742711272213321e-01
5.115244686915071393e-01 0.000000000000000000e+00 0.000000000000000000e+00 4.884755313084928052e-01
0.000000000000000000e+00 0.000000000000000000e+00 0.000000000000000000e+00 1.000000000000000000e+00
1.763830609696133422e-02 0.000000000000000000e+00 0.000000000000000000e+00 9.823616939030387352e-01
8.292721225685061315e-01 0.000000000000000000e+00 0.000000000000000000e+00 1.707278774314938408e-01
0.000000000000000000e+00 0.000000000000000000e+00 0.000000000000000000e+00 1.000000000000000000e+00
0.000000000000000000e+00 0.000000000000000000e+00 0.000000000000000000e+00 1.000000000000000000e+00
8.052774291173676602e-01 0.000000000000000000e+00 0.000000000000000000e+00 1.947225708826324231e-01
6.955004415925736261e-01 0.000000000000000000e+00 0.000000000000000000e+00 3.044995584074264849e-01
0.000000000000000000e+00 0.000000000000000000e+00 0.000000000000000000e+00 1.000000000000000000e+00
5.696185819193269051e-01 0.000000000000000000e+00 0.000000000000000000e+00 4.303814180806730394e-01
1.362811031742223178e-01 0.000000000000000000e+00 0.000000000000000000e+00 8.637188968257777377e-01
3.188787709667793152e-02 0.000000000000000000e+00 0.000000000000000000e+00 9.681121229033221587e-01
8.884106205508315313e-01 0.000000000000000000e+00 0.000000000000000000e+00 1.115893794491683993e-01
7.170688313975787098e-01 0.000000000000000000e+00 0.000000000000000000e+00 2.829311686024212347e-01
3.016202843411812662e-01 0.000000000000000000e+00 0.000000000000000000e+00 6.983797156588187338e-01
1.116914510381095960e-01 0.000000000000000000e+00 0.000000000000000000e+00 8.883085489618903763e-01
0.000000000000000000e+00 0.000000000000000000e+00 0.000000000000000000e+00 1.000000000000000000e+00
0.000000000000000000e+00 0.000000000000000000e+00 0.000000000000000000e+00 1.000000000000000000e+00
0.000000000000000000e+00 0.000000000000000000e+00 0.000000000000000000e+00 1.000000000000000000e+00
6.016066704009279675e-01 0.000000000000000000e+00 0.000000000000000000e+00 3.983933295990720880e-01
0.000000000000000000e+00 0.000000000000000000e+00 0.000000000000000000e+00 1.000000000000000000e+00
1.137790373021948659e-01 5.268983880249602514e-01 0.000000000000000000e+00 3.593225746728449521e-01
0.000000000000000000e+00 0.000000000000000000e+00 0.000000000000000000e+00 1.000000000000000000e+00
2.169269114138850374e-01 0.000000000000000000e+00 0.000000000000000000e+00 7.830730885861150181e-01
0.000000000000000000e+00 0.000000000000000000e+00 0.000000000000000000e+00 1.000000000000000000e+00
0.000000000000000000e+00 0.000000000000000000e+00 0.000000000000000000e+00 1.000000000000000000e+00
5.999502936606724290e-01 0.000000000000000000e+00 0.000000000000000000e+00 4.000497063393275154e-01
7.842423796301157823e-01 1.036274882600819458e-01 0.000000000000000000e+00 1.121301321098023274e-01
0.000000000000000000e+00 1.643754113180789789e-02 9.835624588681920466e-01 0.000000000000000000e+00
6.078505276341777952e-01 0.000000000000000000e+00 0.000000000000000000e+00 3.921494723658222603e-01
5.547878640974497344e-01 0.000000000000000000e+00 0.000000000000000000e+00 4.452121359025503766e-01
5.819955642560551423e-01 0.000000000000000000e+00 0.000000000000000000e+00 4.180044357439448577e-01
3.775386674857671987e-01 0.000000000000000000e+00 0.000000000000000000e+00 6.224613325142328568e-01
5.029832307215305054e-01 2.883251278214888358e-01 0.000000000000000000e+00 2.086916414569806866e-01
0.000000000000000000e+00 0.000000000000000000e+00 0.000000000000000000e+00 1.000000000000000000e+00
7.029336879581795650e-01 0.000000000000000000e+00 0.000000000000000000e+00 2.970663120418203795e-01
2.061097424224633823e-01 0.000000000000000000e+00 0.000000000000000000e+00 7.938902575775366177e-01
4.835765461705640589e-01 0.000000000000000000e+00 0.000000000000000000e+00 5.164234538294358856e-01
0.000000000000000000e+00 0.000000000000000000e+00 0.000000000000000000e+00 1.000000000000000000e+00
0.000000000000000000e+00 0.000000000000000000e+00 0.000000000000000000e+00 1.000000000000000000e+00
6.771320386008289338e-01 0.000000000000000000e+00 0.000000000000000000e+00 3.228679613991710662e-01
1.230647872323836906e-01 0.000000000000000000e+00 0.000000000000000000e+00 8.769352127676162123e-01
8.197730941760108525e-01 0.000000000000000000e+00 0.000000000000000000e+00 1.802269058239891475e-01
7.836723913992021950e-01 6.897897486204174200e-02 0.000000000000000000e+00 1.473486337387561185e-01
0.000000000000000000e+00 0.000000000000000000e+00 0.000000000000000000e+00 1.000000000000000000e+00
8.630519464886529570e-04 0.000000000000000000e+00 0.000000000000000000e+00 9.991369480535113867e-01
2.535874404439052432e-01 0.000000000000000000e+00 0.000000000000000000e+00 7.464125595560947568e-01
7.584768061180773291e-01 0.000000000000000000e+00 0.000000000000000000e+00 2.415231938819226432e-01
0.000000000000000000e+00 0.000000000000000000e+00 0.000000000000000000e+00 1.000000000000000000e+00
0.000000000000000000e+00 0.000000000000000000e+00 0.000000000000000000e+00 1.000000000000000000e+00
7.278543141400357630e-01 0.000000000000000000e+00 0.000000000000000000e+00 2.721456858599642370e-01
2.797991121594640626e-02 0.000000000000000000e+00 0.000000000000000000e+00 9.720200887840535486e-01
0.000000000000000000e+00 0.000000000000000000e+00 0.000000000000000000e+00 1.000000000000000000e+00
6.008872006401495547e-01 0.000000000000000000e+00 0.000000000000000000e+00 3.991127993598505008e-01
0.000000000000000000e+00 0.000000000000000000e+00 0.000000000000000000e+00 1.000000000000000000e+00
7.416443505390489799e-01 0.000000000000000000e+00 0.000000000000000000e+00 2.583556494609510201e-01
4.638460954807988590e-01 0.000000000000000000e+00 0.000000000000000000e+00 5.361539045192010855e-01
7.485506121222867959e-01 1.744259952565116456e-01 0.000000000000000000e+00 7.702339262120158625e-02
0.000000000000000000e+00 0.000000000000000000e+00 0.000000000000000000e+00 1.000000000000000000e+00
8.121475531141357784e-01 0.000000000000000000e+00 0.000000000000000000e+00 1.878524468858642771e-01
0.000000000000000000e+00 0.000000000000000000e+00 0.000000000000000000e+00 1.000000000000000000e+00
0.000000000000000000e+00 0.000000000000000000e+00 0.000000000000000000e+00 1.000000000000000000e+00
2.465310308472153100e-01 0.000000000000000000e+00 0.000000000000000000e+00 7.534689691527847177e-01
4.213885253534775388e-01 0.000000000000000000e+00 0.000000000000000000e+00 5.786114746465224057e-01
6.368396569595902168e-01 0.000000000000000000e+00 0.000000000000000000e+00 3.631603430404097277e-01
6.323962650642918071e-01 0.000000000000000000e+00 0.000000000000000000e+00 3.676037349357081929e-01
6.077911558336200892e-01 0.000000000000000000e+00 0.000000000000000000e+00 3.922088441663799108e-01
7.217189787051091487e-01 2.614599764260458481e-01 0.000000000000000000e+00 1.682104486884500316e-02
1.971337536065313756e-01 0.000000000000000000e+00 0.000000000000000000e+00 8.028662463934685967e-01
7.368708992746428876e-01 0.000000000000000000e+00 0.000000000000000000e+00 2.631291007253571679e-01
7.149694093286185215e-01 0.000000000000000000e+00 0.000000000000000000e+00 2.850305906713814785e-01
2.262915318423353583e-01 0.000000000000000000e+00 0.000000000000000000e+00 7.737084681576646972e-01
0.000000000000000000e+00 0.000000000000000000e+00 0.000000000000000000e+00 1.000000000000000000e+00
6.257105100663713504e-01 0.000000000000000000e+00 0.000000000000000000e+00 3.742894899336288161e-01
6.729298488855718352e-01 0.000000000000000000e+00 0.000000000000000000e+00 3.270701511144281648e-01
6.698146007732357354e-01 2.755942487328629231e-01 0.000000000000000000e+00 5.459115049390122348e-02
5.308918618345642715e-01 0.000000000000000000e+00 0.000000000000000000e+00 4.691081381654356175e-01
0.000000000000000000e+00 0.000000000000000000e+00 0.000000000000000000e+00 1.000000000000000000e+00
7.835539095094993245e-01 0.000000000000000000e+00 0.000000000000000000e+00 2.164460904905006478e-01
0.000000000000000000e+00 0.000000000000000000e+00 0.000000000000000000e+00 1.000000000000000000e+00
2.365569959919890108e-02 0.000000000000000000e+00 0.000000000000000000e+00 9.763443004008011128e-01
3.650267218046670537e-01 0.000000000000000000e+00 0.000000000000000000e+00 6.349732781953330019e-01
6.809147423146718822e-04 0.000000000000000000e+00 0.000000000000000000e+00 9.993190852576853134e-01
7.141091026581761116e-04 0.000000000000000000e+00 0.000000000000000000e+00 9.992858908973417664e-01
4.976739834116906680e-01 0.000000000000000000e+00 0.000000000000000000e+00 5.023260165883093320e-01
5.117725611286855908e-02 0.000000000000000000e+00 0.000000000000000000e+00 9.488227438871315034e-01
6.719221998263685824e-01 0.000000000000000000e+00 0.000000000000000000e+00 3.280778001736313620e-01
1.244662908580920768e-01 0.000000000000000000e+00 0.000000000000000000e+00 8.755337091419078677e-01
5.525454860381971978e-01 0.000000000000000000e+00 0.000000000000000000e+00 4.474545139618027467e-01
2.761479561776140068e-01 0.000000000000000000e+00 0.000000000000000000e+00 7.238520438223861042e-01
3.716972530954694709e-01 0.000000000000000000e+00 0.000000000000000000e+00 6.283027469045305846e-01
2.162315039569105979e-01 0.000000000000000000e+00 0.000000000000000000e+00 7.837684960430894021e-01
0.000000000000000000e+00 0.000000000000000000e+00 0.000000000000000000e+00 1.000000000000000000e+00
0.000000000000000000e+00 0.000000000000000000e+00 0.000000000000000000e+00 1.000000000000000000e+00
8.069214545670947425e-01 5.025645980353884296e-02 0.000000000000000000e+00 1.428220856293664631e-01
7.467858478337573436e-01 0.000000000000000000e+00 0.000000000000000000e+00 2.532141521662426564e-01
2.011213227092375697e-02 0.000000000000000000e+00 0.000000000000000000e+00 9.798878677290762118e-01
4.597588435379949545e-01 0.000000000000000000e+00 0.000000000000000000e+00 5.402411564620051010e-01
6.690224919356735356e-01 0.000000000000000000e+00 0.000000000000000000e+00 3.309775080643265199e-01
3.158200163490732515e-01 0.000000000000000000e+00 0.000000000000000000e+00 6.841799836509266930e-01
2.005087661152420431e-01 0.000000000000000000e+00 0.000000000000000000e+00 7.994912338847579569e-01
7.157257608639443491e-01 0.000000000000000000e+00 0.000000000000000000e+00 2.842742391360556509e-01
6.112179387347316251e-01 0.000000000000000000e+00 0.000000000000000000e+00 3.887820612652683749e-01
0.000000000000000000e+00 0.000000000000000000e+00 0.000000000000000000e+00 1.000000000000000000e+00
