3.333331830605220092e-01 3.333333022359225573e-01 3.333335147035554336e-01
3.333323589615836413e-01 3.333326591681644580e-01 3.333349818702519562e-01
3.333333474795118212e-01 3.333333760057008432e-01 3.333332765147872800e-01
3.333328902288278384e-01 3.333330333755645802e-01 3.333340763956075814e-01
3.333333242529809559e-01 3.333333859208061911e-01 3.333332898262127975e-01
3.333332793099247349e-01 3.333333484512287503e-01 3.333333722388466258e-01
3.333332478649338459e-01 3.333331683274837198e-01 3.333335838075824342e-01
3.333333417542184707e-01 3.333331460243855737e-01 3.333335122213959556e-01
3.333333170699461223e-01 3.333332114806881741e-01 3.333334714493655371e-01
3.333335908454888585e-01 3.333333753944971445e-01 3.333330337600139970e-01
3.333324067794578016e-01 3.333311314966522221e-01 3.333364617238899763e-01
3.333332886171088139e-01 3.333331915980997651e-01 3.333335197847914211e-01
3.333332232559629849e-01 3.333331147224373181e-01 3.333336620215995305e-01
3.333332906375427451e-01 3.333333346676504716e-01 3.333333746948068388e-01
3.333332467136199684e-01 3.333331257324483321e-01 3.333336275539318105e-01
3.333331164288308446e-01 3.333331491266680047e-01 3.333337344445011508e-01
3.333335402734680097e-01 3.333333095891079512e-01 3.333331501374239836e-01
3.333333303275989867e-01 3.333333703656873870e-01 3.333332993067136263e-01
3.333331432380084447e-01 3.333332389515723526e-01 3.333336178104191472e-01
