3.501062420961016386e-01 0.000000000000000000e+00 6.162349686771207979e-01 3.365878922677762591e-02
3.256962615523830151e-01 3.955246220317422227e-03 4.103916804679682562e-01 2.599568117593313854e-01
3.476386761687776383e-01 0.000000000000000000e+00 5.942439556872216588e-01 5.811736814400077916e-02
3.454723003755587607e-01 0.000000000000000000e+00 5.533073839114427406e-01 1.012203157129985820e-01
3.994758088305758181e-01 3.329470063998409392e-04 4.317393044837453120e-01 1.684519396792790724e-01
3.303458293465574291e-01 0.000000000000000000e+00 6.152799916375684131e-01 5.437417901587406066e-02
3.494538857201087700e-01 1.184778508490269685e-03 4.289836816912188655e-01 2.203776540801822004e-01
2.940801851266517386e-01 1.974859996792311945e-01 3.345690590699442191e-01 1.738647561241728756e-01
2.837432249532075290e-01 1.354449778264364135e-01 4.560000581658490981e-01 1.248117390545069733e-01
3.274467585194186237e-01 0.000000000000000000e+00 4.901405628536983361e-01 1.824126786268829570e-01
3.691132077042048598e-01 0.000000000000000000e+00 4.799547257099891495e-01 1.509320665858058519e-01
3.027210033935487932e-01 1.272053484929456801e-01 4.313359238230417558e-01 1.387377242904637431e-01
3.398452691349150845e-01 0.000000000000000000e+00 5.207039275184769389e-01 1.394508033466078656e-01
3.231658406200090261e-01 1.188123978402495957e-02 3.429738798211202644e-01 3.219790397748458211e-01
3.323254812871169195e-01 0.000000000000000000e+00 4.850511105100877018e-01 1.826234082027954342e-01
3.540707507828744216e-01 1.480869451480802679e-02 3.105496331444962399e-01 3.205709215578212423e-01
3.946080686287507522e-01 0.000000000000000000e+00 5.087733063674924061e-01 9.661862500375682783e-02
3.477171294880604946e-01 0.000000000000000000e+00 5.541604519869617329e-01 9.812241852497770311e-02
3.115519681299855348e-01 8.132775039785928098e-03 4.022267179743658772e-01 2.780885388558627103e-01
