2.000000601784560628e-01 2.000000030684982166e-01 2.000000066716076941e-01 1.999999522155782861e-01 1.999999778658597682e-01
2.000001882311741863e-01 2.000000476944934213e-01 1.999998523520409299e-01 1.999998584512050759e-01 2.000000532710864420e-01
2.000000459136259123e-01 1.999999781801729826e-01 2.000000249673345165e-01 1.999999661277447882e-01 1.999999848111218836e-01
2.000000542812690463e-01 2.000000046601536630e-01 2.000000164759258570e-01 1.999999561734513709e-01 1.999999684092001184e-01
2.000000507973703767e-01 1.999999855339993915e-01 2.000000268781136348e-01 1.999999064045829000e-01 2.000000303859336970e-01
2.000000317843713127e-01 1.999999913326340195e-01 1.999999996265865720e-01 1.999999924528078621e-01 1.999999848036002059e-01
2.000000348994215582e-01 2.000000046413668853e-01 2.000000026949168563e-01 1.999999705661691940e-01 1.999999871981255617e-01
2.000000536140855156e-01 2.000000063886856194e-01 2.000000006283354503e-01 1.999999596054911344e-01 1.999999797634022525e-01
2.000006280818950322e-01 1.999993742386052820e-01 2.000012451895890886e-01 1.999985755957985611e-01 2.000001768941121194e-01
2.000000330263753678e-01 1.999999845969038514e-01 2.000000244346253897e-01 1.999999583919588875e-01 1.999999995501364480e-01
2.000000726532972506e-01 1.999999892091097187e-01 2.000000035919401731e-01 1.999999585453928752e-01 1.999999760002598714e-01
2.000000549187275489e-01 1.999999946120076533e-01 2.000000373347129157e-01 1.999999373377284173e-01 1.999999757968233816e-01
2.000001049987583379e-01 2.000000216938372932e-01 1.999999364219935960e-01 1.999999316841011010e-01 2.000000052013096719e-01
2.000001148891595582e-01 1.999999928631950030e-01 2.000000163849349200e-01 1.999998774858030570e-01 1.999999983769073786e-01
2.000000455039823988e-01 2.000000094923869431e-01 1.999999864155045382e-01 1.999999712127510931e-01 1.999999873753749158e-01
2.000000284546831486e-01 2.000000016011530546e-01 2.000000183671913345e-01 1.999999518019845712e-01 1.999999997749879188e-01
2.000000935090643084e-01 1.999999268497066607e-01 2.000001070229384670e-01 1.999998024257172158e-01 2.000000701925734037e-01
2.000000326635014425e-01 1.999999892906411114e-01 2.000000082179811400e-01 1.999999890331404517e-01 1.999999807947359098e-01
2.000000538383459037e-01 1.999999856608705995e-01 2.000000067906830270e-01 1.999999758897793301e-01 1.999999778203211953e-01
2.000000262074360102e-01 2.000000057319612501e-01 1.999999984442279166e-01 1.999999873685313623e-01 1.999999822478434330e-01
2.000000426804777465e-01 1.999999928060597620e-01 2.000000108028885948e-01 1.999999777467985906e-01 1.999999759637753061e-01
2.000000464891554808e-01 1.999999792582961844e-01 2.000000123572431843e-01 1.999999830378304255e-01 1.999999788574747528e-01
2.000000293953561603e-01 1.999999933527329965e-01 2.000000095899147345e-01 1.999999865583680370e-01 1.999999811036280994e-01
2.000000650160805860e-01 1.999999778893054581e-01 2.000000109933836590e-01 1.999999573965794419e-01 1.999999887046507996e-01
2.000000377696553588e-01 1.999999840160084641e-01 2.000000199973376303e-01 1.999999755919083522e-01 1.999999826250901114e-01
2.000000659576169348e-01 1.999999865529359377e-01 2.000000105740906420e-01 1.999999693036526582e-01 1.999999676117039105e-01
2.000000859218156735e-01 2.000000252930374811e-01 1.999999423940993226e-01 1.999999141693171445e-01 2.000000322217302950e-01
2.000000855452206405e-01 1.999999986718125622e-01 2.000000194267582965e-01 1.999999474946901057e-01 1.999999488615183396e-01
2.000000588414588554e-01 1.999999880177342759e-01 2.000000077249595443e-01 1.999999756639712634e-01 1.999999697518761443e-01
2.000000469219196109e-01 2.000000060288249504e-01 2.000000118793802961e-01 1.999999581506784752e-01 1.999999770191966952e-01
2.000000341160758088e-01 1.999999817184580087e-01 2.000000115726464078e-01 1.999999842597671718e-01 1.999999883330526307e-01
2.000000878034734753e-01 2.000000256656353503e-01 1.999999588495711134e-01 1.999999197107684978e-01 2.000000079705515910e-01
2.000000626007915894e-01 1.999999767794823635e-01 2.000000193216023292e-01 1.999999658731861918e-01 1.999999754249375539e-01
2.000001222502487408e-01 2.000000067650024582e-01 1.999999276618006361e-01 1.999998991935381942e-01 2.000000441294099429e-01
2.000000512130571950e-01 1.999999921316610030e-01 2.000000060673827462e-01 1.999999701928311946e-01 1.999999803950678612e-01
2.000000520661307790e-01 1.999999427880442826e-01 2.000002690319871712e-01 1.999996090995452280e-01 2.000001270142924559e-01
2.000000498944446148e-01 2.000000002566403867e-01 2.000000092244666461e-01 1.999999633587129233e-01 1.999999772657355401e-01
2.000000410956201125e-01 2.000000016079901966e-01 1.999999981911989855e-01 1.999999687943500026e-01 1.999999903108407584e-01
2.000001071718544021e-01 1.999999493113460425e-01 2.000000003609648525e-01 1.999999635758350491e-01 1.999999795799996816e-01
2.000001635002262024e-01 2.000000115245561538e-01 1.999999124427867536e-01 1.999999002600442721e-01 2.000000122723866181e-01
2.000000623464491811e-01 1.999999925296062908e-01 2.000000012643076142e-01 1.999999628257078388e-01 1.999999810339291584e-01
2.000001006457141628e-01 1.999999941787553581e-01 2.000000157911498433e-01 1.999998755121765726e-01 2.000000138722040077e-01
2.000000405170585249e-01 2.000000019247537841e-01 1.999999986263787666e-01 1.999999721798708663e-01 1.999999867519381413e-01
2.000002158975379973e-01 1.999998750276040793e-01 2.000002010429377530e-01 1.999994965532847502e-01 2.000002114786355034e-01
2.000001407795806152e-01 2.000000256596261572e-01 1.999999174644991051e-01 1.999998586820999069e-01 2.000000574141942711e-01
2.000000974724045477e-01 1.999999214757162413e-01 2.000001722414042338e-01 1.999998022684686960e-01 2.000000065420062811e-01
2.000000489756180444e-01 1.999999912256278101e-01 2.000000235104740509e-01 1.999999435123190339e-01 1.999999927759611440e-01
2.000000355676142261e-01 2.000000006142935438e-01 2.000000095518431609e-01 1.999999721331906233e-01 1.999999821330582517e-01
2.000006224195841620e-01 1.999995570566775460e-01 2.000008444245777728e-01 1.999991911695645219e-01 1.999997849295959695e-01
2.000000648470551812e-01 1.999999717626900209e-01 2.000000271832458321e-01 1.999999580446701064e-01 1.999999781623389705e-01
2.000000549692700635e-01 1.999999940275180577e-01 2.000000078520337288e-01 1.999999701323245116e-01 1.999999730188536384e-01
2.000000380069405503e-01 1.999999975290107646e-01 2.000000076635820856e-01 1.999999730717138824e-01 1.999999837287526616e-01
2.000000303395148005e-01 1.999999940522668718e-01 2.000000049233318922e-01 1.999999835062732656e-01 1.999999871786130312e-01
2.000000471217632525e-01 1.999999900627597582e-01 2.000000076587159503e-01 1.999999777498516762e-01 1.999999774069093905e-01
2.000000416102943879e-01 1.999999919286513939e-01 2.000000094765758130e-01 1.999999730117235364e-01 1.999999839727548412e-01
2.000001105310711125e-01 1.999999655661340581e-01 2.000000147528644412e-01 1.999999128401902804e-01 1.999999963097400246e-01
2.000001321459652925e-01 1.999999773540246106e-01 1.999999636580375995e-01 1.999998717569950457e-01 2.000000550849775072e-01
2.000001521312642083e-01 1.999999695332079774e-01 2.000000289057452252e-01 1.999999258276386749e-01 1.999999236021438864e-01
2.000001101247885216e-01 2.000000038241382949e-01 1.999999742685794057e-01 1.999999379765621810e-01 1.999999738059316523e-01
2.000000774494495037e-01 1.999999857272957149e-01 2.000000293642004989e-01 1.999999352078274950e-01 1.999999722512267042e-01
2.000000275232197700e-01 2.000000189010938401e-01 2.000000120716183549e-01 1.999999005836020360e-01 2.000000409204659990e-01
2.000000419243679328e-01 1.999999951110678076e-01 2.000000135063886575e-01 1.999999605194589802e-01 1.999999889387167606e-01
2.000000571888858603e-01 1.999999902193667634e-01 2.000000120628908085e-01 1.999999620734100869e-01 1.999999784554464255e-01
2.000000364030432853e-01 2.000000037895841021e-01 2.000000011566116231e-01 1.999999741279338550e-01 1.999999845228270789e-01
2.000000658004711940e-01 1.999999922523280071e-01 2.000000053002274070e-01 1.999999667314298069e-01 1.999999699155434740e-01
2.000001626813960320e-01 2.000000134386014650e-01 1.999999218411701862e-01 1.999998506839459345e-01 2.000000513548864933e-01
2.000001302889711230e-01 2.000000016575476935e-01 1.999999445598054926e-01 1.999998882241655340e-01 2.000000352695102401e-01
2.000000699153980099e-01 1.999999840552979802e-01 2.000000019684033681e-01 1.999999514148238233e-01 1.999999926460768185e-01
2.000000622267021078e-01 2.000000058523703217e-01 2.000000114766963266e-01 1.999999402011266025e-01 1.999999802431046692e-01
2.000000646085655365e-01 1.999999947319003879e-01 2.000000246813981586e-01 1.999999594731922403e-01 1.999999565049435934e-01
2.000003343626029495e-01 1.999996925388962399e-01 2.000016187664925837e-01 1.999979645624587188e-01 2.000003897695495358e-01
2.000001943043720198e-01 2.000000016612793474e-01 1.999999055635745260e-01 1.999998710923578948e-01 2.000000273784162397e-01
2.000000888905100194e-01 2.000000268767446743e-01 1.999999404340444820e-01 1.999998857275261943e-01 2.000000580711745746e-01
2.000001095836244080e-01 1.999999973736034664e-01 1.999999600456282278e-01 1.999999206171001742e-01 2.000000123800438068e-01
2.000002212589982176e-01 2.000000209668096329e-01 1.999998662627047175e-01 1.999998260585870158e-01 2.000000654529002497e-01
2.000000906015110269e-01 2.000000141617231386e-01 1.999999527180232606e-01 1.999999225501535305e-01 2.000000199685890989e-01
2.000000782115730069e-01 2.000000125621909930e-01 2.000000141948588828e-01 1.999998465301832673e-01 2.000000485011939055e-01
2.000000702547830023e-01 2.000000086688663303e-01 1.999999882491438619e-01 1.999999568946859985e-01 1.999999759325208071e-01
2.000000507246833814e-01 1.999999834558827128e-01 2.000000131723185526e-01 1.999999607802953605e-01 1.999999918668199372e-01
2.000001099091398560e-01 1.999999729132183601e-01 2.000000225853003077e-01 1.999999047115211259e-01 1.999999898808203225e-01
2.000001406560325545e-01 2.000000212005113576e-01 1.999999015051944773e-01 1.999998619499278041e-01 2.000000746883337510e-01
2.000001797560075900e-01 2.000000219940971102e-01 1.999998753615156721e-01 1.999998539748206461e-01 2.000000689135590093e-01
2.000001252476793223e-01 2.000000097986111836e-01 1.999999916047848214e-01 1.999998987744198986e-01 1.999999745745049406e-01
2.000000641108394817e-01 2.000000197407538483e-01 1.999999799246750254e-01 1.999999096292761624e-01 2.000000265944554545e-01
2.000000714703707994e-01 1.999999749127205628e-01 2.000001211672545742e-01 1.999998145615101697e-01 2.000000178881438662e-01
2.000001639689449051e-01 2.000000246877202403e-01 1.999999903462154338e-01 1.999997504372538482e-01 2.000000705598656003e-01
2.000000428726898816e-01 2.000000013579707470e-01 1.999999950052569753e-01 1.999999724794704614e-01 1.999999882846119903e-01
2.000000230637125342e-01 2.000000060738014451e-01 2.000000099615033833e-01 1.999999557833603836e-01 2.000000051176222260e-01
2.000001232667589501e-01 2.000000417548173648e-01 1.999999117993065401e-01 1.999998368151225947e-01 2.000000863639943838e-01
2.000000836522305148e-01 1.999999416468549174e-01 2.000000135481135866e-01 1.999999471102525406e-01 2.000000140425485795e-01
2.000000771554557299e-01 1.999999650484127478e-01 1.999999978396946598e-01 1.999999709413315674e-01 1.999999890151052395e-01
2.000000619029802529e-01 1.999999964582833134e-01 2.000000047849221640e-01 1.999999273380538012e-01 2.000000095157605240e-01
2.000000459942502529e-01 2.000000014244427415e-01 2.000001397946570003e-01 1.999996707935780271e-01 2.000001419930720059e-01
2.000001213329604122e-01 2.000000106447511194e-01 1.999999636177403894e-01 1.999998844999072989e-01 2.000000199046407801e-01
2.000000643941299838e-01 2.000000069229555255e-01 1.999999740284193472e-01 1.999999296932929438e-01 2.000000249612022274e-01
2.000001262126083201e-01 2.000000515319158012e-01 1.999998572491029636e-01 1.999998521687980368e-01 2.000001128375749337e-01
2.000001167235038180e-01 2.000000273603016465e-01 1.999999182048331769e-01 1.999998982270508874e-01 2.000000394843103602e-01
2.000001504225648319e-01 1.999999644176486679e-01 2.000000118650838710e-01 1.999998729118020735e-01 2.000000003829005002e-01
2.000000626008671678e-01 1.999999914729210237e-01 2.000000032911602443e-01 1.999999542141101816e-01 1.999999884209413548e-01
2.000000700590162661e-01 2.000000267495195272e-01 1.999999694237205305e-01 1.999998747295768098e-01 2.000000590381669219e-01
2.000001734165295086e-01 1.999999692011547592e-01 2.000000065911843872e-01 1.999998743229688125e-01 1.999999764681625047e-01
2.000000864816395552e-01 2.000000291222708559e-01 1.999999324809978163e-01 1.999999084810121230e-01 2.000000434340796773e-01
2.000001326679975988e-01 2.000000339967423213e-01 1.999999189203144345e-01 1.999998224375664213e-01 2.000000919773792796e-01
2.000000515457006633e-01 1.999999881223007148e-01 2.000000069815095205e-01 1.999999751535685710e-01 1.999999781969205026e-01
2.000001580053492045e-01 2.000000053048361648e-01 1.999998926325023407e-01 1.999999035777322853e-01 2.000000404795798936e-01
2.000000573006162075e-01 1.999999543476578268e-01 2.000000157855784111e-01 1.999999666586341762e-01 2.000000059075133785e-01
2.000000583509864427e-01 2.000000099106426510e-01 1.999999955246417049e-01 1.999999553338338287e-01 1.999999808798954004e-01
2.000001255060173677e-01 2.000000335154818731e-01 1.999999120221564175e-01 1.999998726390757320e-01 2.000000563172686652e-01
2.000001129960272406e-01 2.000000511581755680e-01 1.999999357706243597e-01 1.999998199424161405e-01 2.000000801327567190e-01
2.000001688736875727e-01 2.000000326616708235e-01 1.999998678313789358e-01 1.999998213880513631e-01 2.000001092452113327e-01
2.000001567959270032e-01 1.999999895312101761e-01 1.999999738858793674e-01 1.999998527503069334e-01 2.000000270366766031e-01
2.000000938362180292e-01 1.999999251922137122e-01 2.000000121645746920e-01 1.999999611722039217e-01 2.000000076347896727e-01
2.000003078795296041e-01 1.999997537484142218e-01 2.000004514452488336e-01 1.999995336319829176e-01 1.999999532948244507e-01
2.000003864637476259e-01 2.000000582318496312e-01 1.999997162265147177e-01 1.999997488006761137e-01 2.000000902772120226e-01
2.000001613900477815e-01 2.000000277043856300e-01 1.999999081955317615e-01 1.999998608744712747e-01 2.000000418355635801e-01
2.000000671385833706e-01 2.000000742854692315e-01 1.999999479953567805e-01 1.999997678637352172e-01 2.000001427168553447e-01
2.000000536842321541e-01 1.999999879566235761e-01 2.000000034061397702e-01 1.999999713288712067e-01 1.999999836241332929e-01
2.000000413541843103e-01 2.000000041035325526e-01 2.000000066770713514e-01 1.999999651897459152e-01 1.999999826754659260e-01
2.000000920929301540e-01 2.000000235209556110e-01 1.999999626808663666e-01 1.999999274999602616e-01 1.999999942052876623e-01
2.000000805301429541e-01 2.000000182417885075e-01 1.999999504314196874e-01 1.999998893162088232e-01 2.000000614804399723e-01
2.000002086209832219e-01 2.000003988247899267e-01 1.999997272411710159e-01 1.999994749765170721e-01 2.000001903365387912e-01
2.000001771686060192e-01 2.000000535570704563e-01 1.999998861295501085e-01 1.999997850904493002e-01 2.000000980543240048e-01
2.000001545027705330e-01 2.000000029700273185e-01 1.999998908056963565e-01 1.999999146644423909e-01 2.000000370570634567e-01
2.000001003087281681e-01 2.000000270919878864e-01 1.999999787230262727e-01 1.999998824293885702e-01 2.000000114468691303e-01
2.000001361692798074e-01 2.000000487269039118e-01 1.999998838237172227e-01 1.999999005702833843e-01 2.000000307098156738e-01
2.000000523308412825e-01 1.999999971692045242e-01 2.000000103008604257e-01 1.999999642580588544e-01 1.999999759410350797e-01
2.000000813493003349e-01 1.999999567779320864e-01 2.000000168128349687e-01 1.999999450635938647e-01 1.999999999963386899e-01
2.000000712909858480e-01 1.999999875462317167e-01 1.999999948485229051e-01 1.999999427507755945e-01 2.000000035634839635e-01
2.000000952037477020e-01 1.999999802838415830e-01 2.000000065042756014e-01 1.999999290166329935e-01 1.999999889915020090e-01
2.000000455692000079e-01 2.000000001652160742e-01 1.999999967732801476e-01 1.999999775784401246e-01 1.999999799138637013e-01
2.000000338801097843e-01 1.999999886342696542e-01 2.000000040060236906e-01 1.999999848521533674e-01 1.999999886274435035e-01
2.000001890243610636e-01 2.000000149715495390e-01 1.999999463159719826e-01 1.999998395468899071e-01 2.000000101412275355e-01
2.000000874573692744e-01 2.000000472642845528e-01 1.999999571096074680e-01 1.999998946314793247e-01 2.000000135372592691e-01
2.000000942582889629e-01 2.000000526428271364e-01 1.999999056420228849e-01 1.999998640422837037e-01 2.000000834145773954e-01
2.000000446958039024e-01 1.999999852946409418e-01 2.000000637946160731e-01 1.999999020833056473e-01 2.000000041316334909e-01
2.000000494599246392e-01 2.000000095117569765e-01 1.999999845233765006e-01 1.999999491489326264e-01 2.000000073560092018e-01
2.000001404359063872e-01 2.000000244464746890e-01 1.999999162375387107e-01 1.999999157892942414e-01 2.000000030907859438e-01
2.000001562125120480e-01 2.000000695462781364e-01 1.999998787267701361e-01 1.999998270007280754e-01 2.000000685137116319e-01
2.000001113042085832e-01 1.999999852524416422e-01 2.000000075435553470e-01 1.999999263867107413e-01 1.999999695130835753e-01
2.000001125812721769e-01 1.999999944158714071e-01 1.999999987861905970e-01 1.999999189445793302e-01 1.999999752720864055e-01
2.000000575853957130e-01 2.000000084193958583e-01 1.999999904499455139e-01 1.999999652917608117e-01 1.999999782535021586e-01
2.000000347397437872e-01 2.000000078967520134e-01 1.999999922148503195e-01 1.999999740535728099e-01 1.999999910950810700e-01
2.000000867568268448e-01 2.000000126258951461e-01 2.000000367403479973e-01 1.999998307650438512e-01 2.000000331118861330e-01
2.000003038888422957e-01 2.000000455604041272e-01 1.999997650883739986e-01 1.999998130770246629e-01 2.000000723853549989e-01
2.000001216648814861e-01 2.000000790711131127e-01 1.999999125409785139e-01 1.999997111543584671e-01 2.000001755686683091e-01
2.000000942840585993e-01 1.999999773597226638e-01 2.000000020810538681e-01 1.999999452495458963e-01 1.999999810256190558e-01
2.000001494469359209e-01 1.999999703041217269e-01 1.999999799467006845e-01 1.999998894997710719e-01 2.000000108024707068e-01
2.000000493426677683e-01 1.999999977165239917e-01 1.999999947262655897e-01 1.999999719449669366e-01 1.999999862695757136e-01
2.000002366462283188e-01 2.000000153846466233e-01 1.999998650174899806e-01 1.999998516535957116e-01 2.000000312980393380e-01
2.000001051264827523e-01 2.000000614984567271e-01 1.999998853122291476e-01 1.999998577934330168e-01 2.000000902693982452e-01
2.000000679357423206e-01 1.999999980654486587e-01 1.999999895943751771e-01 1.999999504014602358e-01 1.999999940029736911e-01
2.000000719497358193e-01 1.999999987370033316e-01 1.999999959416218220e-01 1.999999394401648090e-01 1.999999939314743291e-01
2.000000519240181240e-01 2.000000043947183781e-01 1.999999906546584549e-01 1.999999360704486917e-01 2.000000169561563235e-01
2.000001800872129587e-01 1.999999589677541045e-01 2.000000433780764753e-01 1.999998580880780197e-01 1.999999594788785251e-01
2.000001184293750123e-01 2.000000454168621711e-01 1.999999126456476206e-01 1.999998709193786250e-01 2.000000525887365155e-01
2.000001077562815754e-01 2.000000725503575938e-01 1.999999737317185999e-01 1.999997823995426083e-01 2.000000635620996503e-01
1.999999858969784827e-01 2.000000366957948028e-01 2.000002728766377136e-01 1.999994966820410336e-01 2.000002078485479673e-01
2.000001711469589494e-01 1.999999889432769462e-01 1.999999319353674143e-01 1.999998723037871851e-01 2.000000356706095050e-01
2.000000399582668176e-01 1.999999718179575614e-01 2.000000209716158717e-01 1.999999685893279477e-01 1.999999986628318849e-01
2.000001147187890349e-01 2.000000169584690846e-01 1.999999482276123564e-01 1.999998853954443878e-01 2.000000346996852751e-01
2.000000939595499572e-01 1.999999934209729657e-01 1.999999663836687092e-01 1.999999425992715352e-01 2.000000036365368050e-01
2.000002136414529008e-01 2.000000149590063225e-01 1.999998420372909591e-01 1.999998174942266838e-01 2.000001118680231893e-01
2.000002351426060088e-01 1.999999427530733120e-01 2.000000825401963278e-01 1.999997073286730043e-01 2.000000322354512083e-01
2.000000623194569394e-01 1.999999889448417223e-01 1.999999872195673545e-01 1.999999491552568731e-01 2.000000123608771940e-01
2.000000981234006658e-01 2.000000343461765528e-01 2.000000805633617429e-01 1.999995789828973025e-01 2.000002079841637914e-01
2.000001052342851304e-01 2.000000017789148044e-01 2.000000125596810563e-01 1.999999185444139571e-01 1.999999618827051073e-01
2.000001689056144505e-01 2.000000637852809848e-01 1.999998359451007068e-01 1.999998238951389284e-01 2.000001074688649294e-01
2.000002146066229280e-01 2.000000505843068654e-01 1.999998202718863693e-01 1.999998529614585019e-01 2.000000615757254741e-01
2.000000601173888282e-01 1.999999954641182576e-01 2.000000063689922336e-01 1.999999629213507213e-01 1.999999751281499316e-01
2.000000875715629567e-01 1.999999842183346477e-01 2.000000056616251798e-01 1.999999377909813247e-01 1.999999847574958356e-01
2.000001086464940903e-01 2.000000585734353908e-01 1.999999167673759959e-01 1.999997957260697123e-01 2.000001202866248662e-01
2.000001419419712989e-01 2.000000155798076218e-01 1.999999121081555697e-01 1.999998943231558468e-01 2.000000360469097183e-01
2.000000802890931351e-01 1.999999211439767999e-01 2.000000393356234085e-01 1.999999557473331468e-01 2.000000034839733987e-01
2.000000731025942668e-01 2.000000107602003530e-01 1.999999914406527801e-01 1.999999492352298180e-01 1.999999754613228653e-01
2.000000587074861336e-01 1.999999914996754002e-01 2.000001038268041376e-01 1.999997898474535074e-01 2.000000561185809045e-01
2.000001157685602216e-01 1.999999962520810082e-01 1.999999600102428943e-01 1.999998790799643322e-01 2.000000488891515993e-01
2.000001666668069222e-01 1.999999525983331694e-01 2.000001736021378429e-01 1.999997374346061396e-01 1.999999696981159258e-01
2.000001759141936952e-01 2.000000878073376620e-01 1.999998447633941911e-01 1.999997625550764824e-01 2.000001289599979137e-01
2.000000641039853810e-01 1.999999759389737564e-01 1.999999950726710218e-01 1.999999698131228187e-01 1.999999950712469665e-01
1.999999833356789769e-01 2.000000212712463032e-01 2.000002998298787971e-01 1.999994060010486518e-01 2.000002895621472154e-01
1.999999388207606976e-01 1.999999572237581846e-01 2.000007207879070936e-01 1.999989020159307629e-01 2.000004811516433723e-01
2.000000588019422154e-01 2.000000508566350255e-01 1.999999703796368211e-01 1.999998908780107332e-01 2.000000290837752048e-01
2.000001050119750989e-01 2.000000072485338676e-01 2.000000149449097375e-01 1.999999150529077063e-01 1.999999577416736452e-01
2.000000439018016218e-01 2.000000081945159658e-01 1.999999942702168632e-01 1.999999611568978319e-01 1.999999924765676618e-01
2.000000560301919139e-01 1.999999731119757596e-01 2.000000200367091918e-01 1.999999643085207668e-01 1.999999865126023957e-01
2.000000593661941661e-01 2.000000062809765278e-01 1.999999692141884722e-01 1.999999454545240696e-01 2.000000196841169586e-01
2.000002105048901968e-01 2.000001022503689330e-01 1.999998264608272847e-01 1.999997093674302506e-01 2.000001514164834460e-01
2.000000494485250080e-01 1.999999904393000849e-01 2.000000171524345394e-01 1.999999520017625709e-01 1.999999909579777413e-01
2.000001543966085094e-01 2.000000393255794706e-01 1.999999206019542342e-01 1.999998620876527189e-01 2.000000235882049837e-01
2.000000829905498878e-01 1.999999860394288953e-01 2.000000219506940513e-01 1.999999431028497698e-01 1.999999659164774235e-01
2.000001222973501191e-01 1.999999911203444170e-01 2.000000478335405008e-01 1.999999067555561227e-01 1.999999319932088127e-01
2.000001431669859164e-01 2.000000485430457053e-01 1.999999090698638682e-01 1.999998064840471934e-01 2.000000927360572056e-01
2.000001487429274583e-01 2.000000399108368410e-01 1.999999023334510517e-01 1.999998276592947766e-01 2.000000813534900113e-01
2.000001290186330105e-01 1.999999259613802205e-01 2.000001574076908095e-01 1.999997740543897895e-01 2.000000135579061700e-01
2.000002170821569836e-01 1.999999785063125146e-01 2.000001151062531235e-01 1.999997112296565405e-01 1.999999780756206713e-01
2.000001124326436508e-01 2.000000422691545487e-01 1.999999015993063900e-01 1.999999113028820830e-01 2.000000323960132720e-01
2.000003084578960977e-01 1.999999695082720075e-01 1.999999900154588728e-01 1.999995668341014721e-01 2.000001651842716055e-01
2.000000498127085802e-01 1.999999981519539338e-01 1.999999978723955296e-01 1.999999785019968279e-01 1.999999756609452117e-01
2.000000356215965724e-01 1.999999988087315939e-01 1.999999978575015547e-01 1.999999746218149299e-01 1.999999930903552658e-01
2.000000364060200708e-01 1.999999848495583044e-01 2.000000062820065094e-01 1.999999803551585909e-01 1.999999921072565245e-01
2.000000361638759883e-01 2.000000012919519732e-01 2.000000032851657061e-01 1.999999753318435491e-01 1.999999839271628388e-01
2.000000570705529335e-01 2.000000034232839730e-01 2.000000018723453177e-01 1.999999465051599812e-01 1.999999911286577392e-01
2.000000685912078635e-01 1.999999778048346111e-01 2.000000129040847285e-01 1.999999653954625811e-01 1.999999753044102435e-01
2.000001982073793816e-01 2.000000329516316011e-01 1.999998623903215256e-01 1.999998810715707676e-01 2.000000253790967519e-01
2.000000312577777661e-01 1.999999873049368992e-01 2.000000087460347409e-01 1.999999971737181914e-01 1.999999755175325133e-01
2.000000335942817009e-01 1.999999917992863196e-01 2.000000115807804013e-01 1.999999801443990144e-01 1.999999828812525637e-01
2.000000309780423646e-01 1.999999940010860344e-01 2.000000062505943865e-01 1.999999717514956699e-01 1.999999970187815168e-01
2.000000590652514787e-01 1.999999865888492656e-01 1.999999953649961859e-01 1.999999589959069457e-01 1.999999999849962351e-01
2.000000455543140265e-01 1.999999747609668144e-01 2.000000609485907688e-01 1.999998837472278801e-01 2.000000349889004825e-01
2.000000751265312571e-01 1.999999952340189013e-01 2.000000152086994221e-01 1.999999499405533399e-01 1.999999644901970519e-01
1.999999236131522196e-01 2.000000013901859497e-01 2.000003132955655571e-01 1.999994200963478574e-01 2.000003416047483606e-01
2.000004623961766925e-01 1.999997099861238747e-01 2.000010222165856388e-01 1.999987975154768061e-01 2.000000078856369323e-01
2.000000432660231919e-01 1.999999760608341115e-01 2.000000229795125817e-01 1.999999684788211496e-01 1.999999892148089375e-01
