4.092701443590744670e-03 2.653355467677573354e-03 9.909943064449092676e-01 2.259636643822428726e-03
1.484314858227323702e-02 1.136845829435707660e-03 9.510235922935625918e-01 3.299641329472842444e-02
0.000000000000000000e+00 0.000000000000000000e+00 1.000000000000000000e+00 0.000000000000000000e+00
1.868888645491303610e-02 0.000000000000000000e+00 9.540316793261368611e-01 2.727943421895019996e-02
0.000000000000000000e+00 0.000000000000000000e+00 1.000000000000000000e+00 0.000000000000000000e+00
0.000000000000000000e+00 0.000000000000000000e+00 1.000000000000000000e+00 0.000000000000000000e+00
1.514973293749329389e-02 2.478295044527721504e-03 9.696203571227652862e-01 1.275161489521359215e-02
1.037103259838620742e-02 2.478446768580314444e-03 9.827132405786528357e-01 4.437280054380553056e-03
1.185007624038495605e-02 0.000000000000000000e+00 9.858202409393752585e-01 2.329682820239714278e-03
0.000000000000000000e+00 0.000000000000000000e+00 9.950189560135537237e-01 4.981043986446233827e-03
2.763740893037742313e-02 1.165465776210576144e-03 9.293572826058342784e-01 4.183984268757780928e-02
1.522197073351999781e-02 0.000000000000000000e+00 9.791074637143146742e-01 5.670565552165221339e-03
1.118790800328309416e-02 7.962755299282094079e-03 9.710740656399521331e-01 9.775271057482630074e-03
0.000000000000000000e+00 0.000000000000000000e+00 1.000000000000000000e+00 0.000000000000000000e+00
1.567621323650813039e-02 3.013528268510583252e-03 9.647746033131540111e-01 1.653565518182740363e-02
1.040199004100099238e-02 7.615688477604534712e-03 9.705286462587081608e-01 1.145367522268632247e-02
1.542156428368669785e-03 0.000000000000000000e+00 9.900253091513875336e-01 8.432534420243791365e-03
0.000000000000000000e+00 0.000000000000000000e+00 1.000000000000000000e+00 0.000000000000000000e+00
4.457001045015323432e-03 0.000000000000000000e+00 9.791840348417829576e-01 1.635896411320177449e-02
