2.854651203972716558e-02 4.372485348154227236e-02 8.425135081160475270e-01 8.521512636268303853e-02
1.995995324924544276e-02 6.531922385904739836e-02 8.267881434437532873e-01 8.793267944795379876e-02
2.387399989133394407e-01 2.400915569893661006e-01 2.511171908742154679e-01 2.700512532230791019e-01
2.802408267510981821e-01 2.622509995308709985e-01 1.356475059593656995e-01 3.218606677586651199e-01
3.876116611853543809e-02 4.268579022923874727e-02 8.325891998803242045e-01 8.596384377190165182e-02
2.370318352985317789e-01 2.384845137339733911e-01 2.574896557387308937e-01 2.669939952287638807e-01
2.870962024220850561e-01 2.700445625532512661e-01 1.243935299127266608e-01 3.184657051119370030e-01
2.810965477268502766e-01 2.666411568038590807e-01 1.274094012495100847e-01 3.248528942197806413e-01
2.340589124076647431e-01 2.399798822224921135e-01 2.576513897053854807e-01 2.683098156644576626e-01
2.465571482225151489e-01 2.439964874180348686e-01 2.346780844599343219e-01 2.747682798995155773e-01
2.858145965576415759e-01 2.679582002066288604e-01 1.128915435328598088e-01 3.333356597028697688e-01
7.307904538451855114e-02 1.882216342095538106e-02 8.172423640335130246e-01 9.085642716101303973e-02
5.770496503337739502e-02 3.534538034909660842e-02 8.254330849561155592e-01 8.151656966141047900e-02
2.786325760497402465e-02 8.397856338922420061e-02 8.120748534839937749e-01 7.608332552180789576e-02
2.339129671839578761e-01 2.382505470947038906e-01 2.593711140824683237e-01 2.684653716388699651e-01
2.410454527348389331e-01 2.394123710071452138e-01 2.474607923522446629e-01 2.720813839057713013e-01
2.423943007314039721e-01 2.369240178388890561e-01 2.475486191567811134e-01 2.731330622729258306e-01
3.366438143509943581e-02 1.126612825124040929e-01 7.882682707578488879e-01 6.540606529464769447e-02
2.783673114584024333e-01 2.795884074656581064e-01 1.223372526311159864e-01 3.197070284448236266e-01
2.886438212758378197e-01 2.592532159037744810e-01 1.155508068840416236e-01 3.365521559363459647e-01
2.826608461954848162e-01 2.632981551963092248e-01 1.151699492173673262e-01 3.388710493908386190e-01
5.465569321610654063e-02 1.736851551639503888e-02 8.321248093325032125e-01 9.585098193499513863e-02
2.572476853945169228e-01 2.480989257348880928e-01 2.062451324674540454e-01 2.884082564031408280e-01
1.007534126565860916e-01 4.046923595849621219e-02 7.839832185854370694e-01 7.479413279948061988e-02
2.538756349910140098e-01 2.490439541543030821e-01 1.965226121603524390e-01 3.005577986943305802e-01
2.397009203371432695e-01 2.413436161923356305e-01 2.453938336600983705e-01 2.735616298104226463e-01
3.722288814392916978e-02 2.824952157476882664e-01 3.726496625431000020e-01 3.076322335652826867e-01
2.753493510165099800e-01 2.667287612985295708e-01 1.352771369793936973e-01 3.226447507055667518e-01
6.331767349418049307e-02 4.612054040204401420e-03 8.393880431007857412e-01 9.268222936482946317e-02
2.365194827158287050e-01 2.399956060192894314e-01 2.538577311316177476e-01 2.696271801332641993e-01
7.678429979869201560e-02 6.988060348281806278e-02 7.968195057728251207e-01 5.651559094566474539e-02
2.355457833629568676e-01 2.437226044594219820e-01 2.493423649352857485e-01 2.713892472423354296e-01
5.584088839025413975e-02 1.026181042000314514e-01 7.727464702392818907e-01 6.879453717043244876e-02
2.389074807941763967e-01 2.409226400601599816e-01 2.493468542543374189e-01 2.708230248913261473e-01
2.352262893751236317e-01 2.407998441604079221e-01 2.510634840275378088e-01 2.729103824369305542e-01
2.381866239788685002e-01 2.426073510911088693e-01 2.486506472778701460e-01 2.705553776521524845e-01
2.571036438439209051e-02 2.731637003958265475e-01 3.844481292718425758e-01 3.166778059479388729e-01
2.421256864532911335e-01 2.387318213150249890e-01 2.466152570266266220e-01 2.725272352050572833e-01
2.365663644611661898e-01 2.389885726396138166e-01 2.515337029034734884e-01 2.729113599957465608e-01
2.381301553009521899e-01 2.398655079875782747e-01 2.490272323547204625e-01 2.729771043567491007e-01
2.823544719931067037e-01 2.664060400252577510e-01 1.211681076570995802e-01 3.300713803245360345e-01
2.731577831292393288e-01 2.466425471310014217e-01 1.525986653094263401e-01 3.276010044303327984e-01
4.515455593935308043e-02 7.845882210178257987e-02 8.017688079935573198e-01 7.461781396530701993e-02
2.333538985564827251e-01 2.391526989569513761e-01 2.565103846629455120e-01 2.709830178236203868e-01
2.356823994549099022e-01 2.390912129112540974e-01 2.560153098049298692e-01 2.692110778289061312e-01
2.344156778610287373e-01 2.398715936878112742e-01 2.554366950206548581e-01 2.702760334305051582e-01
2.888731468683438108e-01 2.812754485886973521e-01 1.107139488745816081e-01 3.191374556683772012e-01
6.839522296526266698e-02 3.610224662345738571e-03 8.173400375428311326e-01 1.106545148295604436e-01
2.433141741862983043e-01 2.401141618901468100e-01 2.362769508462846668e-01 2.802947130772701634e-01
2.343468549612366392e-01 2.387413894957906291e-01 2.576601587709710373e-01 2.692515967720017778e-01
2.736652353329488419e-01 2.654214930319440113e-01 1.578642907864215017e-01 3.030489808486857561e-01
2.796473580799845315e-01 2.770029483177167129e-01 1.205334917881917961e-01 3.228162018141070844e-01
2.354136542381162489e-01 2.381345360634001540e-01 2.561718251982921801e-01 2.702799845001914170e-01
3.896761084155095367e-02 3.195466447181371378e-02 8.409722002897848103e-01 8.810552439685058468e-02
2.796695616709690135e-01 2.771974117266368665e-01 1.194700071770681410e-01 3.236630194253258264e-01
2.373103327033659338e-01 2.404757234884919992e-01 2.534480583244683727e-01 2.687658854836737499e-01
2.878951497797078152e-01 2.676531762438808526e-01 1.309632400349616255e-01 3.134884339414495957e-01
5.704279738915124520e-02 6.253661719011679998e-02 8.117081098847775955e-01 6.871247553595444257e-02
2.357620086743187071e-01 2.373290719301279494e-01 2.549724806677727273e-01 2.719364387277807271e-01
2.392871720065926633e-01 2.406699591122291593e-01 2.532326802817929656e-01 2.668101885993852673e-01
2.925214747681930127e-01 2.751797631274707223e-01 1.020775487535021953e-01 3.302212133508340974e-01
2.338959293537597184e-01 2.377988835183901251e-01 2.613423214964928909e-01 2.669628656313572934e-01
2.752696798082009400e-01 2.612648951094843075e-01 1.354442020328732454e-01 3.280212230494414238e-01
2.824901638734174658e-01 2.975763532598040273e-01 1.041641525838822024e-01 3.157693302828963322e-01
2.454879467113085800e-01 2.366171355058907522e-01 2.405407652603091251e-01 2.773541525224914039e-01
2.401363576350691587e-01 2.418123204043063912e-01 2.468275950381385031e-01 2.712237269224859193e-01
2.345005198489029941e-01 2.367696296572617265e-01 2.595682262897324177e-01 2.691616242041028340e-01
2.368150352798866487e-01 2.403876652265749259e-01 2.514877849413158506e-01 2.713095145522225193e-01
5.387949237838672578e-02 4.144367801100394544e-02 8.221606081517184306e-01 8.251622145889095372e-02
2.369543624741279608e-01 2.398208314476319714e-01 2.618128604079981714e-01 2.614119456702418409e-01
2.413254241645224618e-01 2.389293739147065332e-01 2.446074144219714530e-01 2.751377874987995797e-01
2.373562359554558798e-01 2.401136353057502226e-01 2.530699790099623092e-01 2.694601497288315883e-01
8.874975971483907433e-02 5.023255861558374030e-03 8.118227062754745926e-01 9.440427814812790697e-02
2.447729251970188202e-01 2.423628444454999920e-01 2.326599335149735492e-01 2.802042968425076386e-01
2.505428560705070251e-01 2.392387477374555149e-01 2.049891523089965306e-01 3.052292438830410126e-01
2.409320650264397956e-01 2.386883073435322744e-01 2.482931199715686654e-01 2.720865076584593201e-01
2.377896750436008511e-01 2.391691768694369502e-01 2.517046760487398616e-01 2.713364720382223649e-01
2.452717917266131475e-01 2.443627919003557580e-01 2.421261913076498407e-01 2.682392250653811705e-01
2.327273712185589649e-01 2.394781619120437410e-01 2.566152545920876160e-01 2.711792122773096225e-01
2.898877211156589695e-01 2.628411388117917746e-01 1.166945952620465632e-01 3.305765448105027482e-01
2.424149470554119168e-01 2.391250270298876102e-01 2.475688470557310950e-01 2.708911788589694614e-01
2.865298989574028288e-01 2.662598130595219548e-01 1.243687774871386348e-01 3.228415104959365678e-01
9.442391657140657146e-02 4.072003046799538978e-02 7.775751378642572487e-01 8.728091509634081091e-02
2.382140798377823943e-01 2.416175968139516184e-01 2.493152371781991727e-01 2.708530861700667591e-01
2.444566189997508243e-01 2.460386796489412442e-01 2.297379025173992839e-01 2.797667988339088141e-01
2.491618237660592206e-01 2.429380964252768060e-01 2.254107485693568891e-01 2.824893312393071398e-01
3.427387639165660471e-02 6.141006220961391787e-02 8.263931763569034583e-01 7.792288504182594278e-02
8.562543563783302225e-02 4.559265112692456601e-02 7.967038677427790150e-01 7.207804549246338288e-02
2.375932502603698426e-01 2.388413961589795353e-01 2.526459493624520491e-01 2.709194042181984896e-01
7.391507561004842519e-02 5.667074173943889570e-02 8.026937617755180998e-01 6.672042087499455154e-02
5.064110275931534705e-02 5.350312436296994489e-02 8.147389192186684781e-01 8.111685365904618139e-02
2.456229927583812589e-01 2.426255395271249282e-01 2.336211800686149032e-01 2.781302876458788820e-01
2.402660652143445152e-01 2.409319634724192416e-01 2.391503399846872102e-01 2.796516313285489219e-01
3.907260152512399831e-02 1.101085348727821010e-02 8.580766851547891871e-01 9.183985983280863741e-02
2.826798449516190193e-01 2.723872828633673859e-01 1.067428399221642399e-01 3.381900322628493272e-01
2.542533035401522423e-01 2.443385651670360592e-01 2.039128913065443027e-01 2.974952399862673125e-01
2.391586807763414479e-01 2.444140928758002096e-01 2.463087928312815977e-01 2.701184335165768280e-01
2.418677704169616138e-01 2.374632527288584594e-01 2.497545369799183124e-01 2.709144398742614479e-01
2.129199757870587836e-02 8.644548383678397896e-02 8.141495513728820299e-01 7.811296721162813705e-02
2.390030864048026116e-01 2.388532970605255212e-01 2.494536262042810482e-01 2.726899903303909301e-01
7.321395915674858146e-02 2.447191603893203449e-02 8.121191809693034669e-01 9.019494383501583390e-02
2.468097897511939420e-01 2.374651650482851040e-01 2.373934474953283136e-01 2.783315977051925016e-01
7.887164257180691307e-02 4.694242772290647264e-02 8.049074987567640393e-01 6.927843094852252637e-02
2.356320014897486104e-01 2.399710391089462380e-01 2.542539384091080379e-01 2.701430209921971137e-01
8.171894451708212881e-02 4.675542050775593345e-02 7.874587071574605801e-01 8.406692781770137846e-02
2.777103543705650157e-01 2.620548244624460454e-01 1.287215129433800231e-01 3.315133082236089712e-01
