6.551412967143028787e-01 1.037613213632197912e-01 0.000000000000000000e+00 2.410973819224772885e-01
4.066586753414349609e-01 3.219837977226046033e-01 4.155881982433639460e-02 2.297987071116240343e-01
6.991027298883762953e-01 1.016588019158680689e-01 0.000000000000000000e+00 1.992384681957555248e-01
6.013831432555379886e-01 7.611603028692566497e-02 2.091900262227013377e-02 3.015818238352661607e-01
6.072950690845530658e-02 6.245663465993252922e-03 1.328491833734329053e-01 8.001756462521184554e-01
7.272074330973862244e-01 9.266176111627981438e-02 0.000000000000000000e+00 1.801308057863340029e-01
6.765160544626769301e-01 1.122699845487301062e-01 0.000000000000000000e+00 2.112139609885929081e-01
6.199987014951802156e-01 1.178235210177717290e-01 0.000000000000000000e+00 2.621777774870480138e-01
1.452933543192112820e-01 6.879125000617744828e-05 1.304295095212332778e-01 7.242083449095492176e-01
8.725097332900810798e-02 6.161163455296888615e-03 5.865819821919777272e-02 8.479296649964971344e-01
6.077889879466461531e-01 1.291409852283757209e-01 0.000000000000000000e+00 2.630700268249780982e-01
4.828221166473840864e-02 0.000000000000000000e+00 3.521765947660219775e-01 5.995411935692396277e-01
5.549829466993959626e-01 1.985497140335596156e-01 0.000000000000000000e+00 2.464673392670443108e-01
4.591913952141263855e-01 1.702186463918998749e-01 1.506672457902114570e-01 2.199227126037621716e-01
6.587371521431326649e-01 1.217106574751226633e-01 0.000000000000000000e+00 2.195521903817446718e-01
5.744881279532242369e-01 5.623222364859229577e-02 3.556289535279539421e-02 3.337167530453881148e-01
8.233760063144203445e-02 1.148197737908051826e-03 3.550612070065063963e-01 5.614529946241434422e-01
7.187019902387816739e-01 7.888612614591247740e-02 0.000000000000000000e+00 2.024118836153059320e-01
7.112147442956749943e-01 1.067373950590479181e-01 0.000000000000000000e+00 1.820478606452771153e-01
7.118294029454839134e-01 8.705221788058285781e-02 0.000000000000000000e+00 2.011183791739332705e-01
6.753797450187870588e-01 8.395923402330433827e-02 0.000000000000000000e+00 2.406610209579086446e-01
7.045325850630578257e-01 1.075809596609804270e-01 0.000000000000000000e+00 1.878864552759617057e-01
6.885292860680700677e-01 1.109889943803777090e-01 0.000000000000000000e+00 2.004817195515521955e-01
6.273740406782912782e-01 1.396400226036541570e-01 0.000000000000000000e+00 2.329859367180545648e-01
6.798632018710777380e-01 8.306081854853239466e-02 0.000000000000000000e+00 2.370759795803898395e-01
6.137729982827454522e-01 8.487461022448385128e-02 9.904417488015886811e-03 2.914479740047548062e-01
5.018180124444837631e-01 1.705515954826938296e-01 4.098692694628478655e-02 2.866434651265377109e-01
6.007942818690148457e-01 8.024125690823073753e-02 5.691617859144211533e-02 2.620482826313122460e-01
6.684107377466321775e-01 9.360605133842192505e-02 0.000000000000000000e+00 2.379832109149458697e-01
5.977662077677030616e-01 5.189305248472775994e-02 1.529554160056132046e-02 3.350451981470078389e-01
7.188092544912968451e-01 9.004621363042612792e-02 0.000000000000000000e+00 1.911445318782771519e-01
5.290180992226342083e-01 2.174619469998428645e-01 0.000000000000000000e+00 2.535199537775229550e-01
6.086270082325339059e-01 1.234775649141746368e-01 0.000000000000000000e+00 2.678954268532914851e-01
4.715670154603672781e-01 2.105140299176215257e-01 6.884666461644853297e-02 2.490722900055627187e-01
6.929756318790996072e-01 1.123897496707758625e-01 0.000000000000000000e+00 1.946346184501245580e-01
7.423092794877042544e-02 0.000000000000000000e+00 2.582509904957185354e-01 6.675180815555110669e-01
6.415260683048983337e-01 1.007369035485103231e-01 0.000000000000000000e+00 2.577370281465913848e-01
6.407082062754879681e-01 9.578040814794010205e-02 0.000000000000000000e+00 2.635113855765720547e-01
5.985933752921011042e-01 1.664740621634971662e-01 0.000000000000000000e+00 2.349325625444016741e-01
4.779022411173979301e-01 2.372865567942363807e-01 3.117854177607777555e-02 2.536326603122878720e-01
6.388066177344414731e-01 1.362044741247945556e-01 0.000000000000000000e+00 2.249889081407640268e-01
6.550835936486333611e-02 5.799061670896037829e-03 3.583364456898232575e-01 5.703561332744172541e-01
6.613723343375724761e-01 9.609123793851420681e-02 0.000000000000000000e+00 2.425364277239132060e-01
9.820132847010230870e-02 4.656482276329933917e-02 3.260910478667076728e-01 5.291428008998907417e-01
4.213778321156685935e-01 1.860329783554105498e-01 1.302035711900225989e-01 2.623856183388983965e-01
9.479313442077037799e-02 0.000000000000000000e+00 2.644114284566710937e-01 6.407954371225585977e-01
5.095402456241168165e-01 6.697789569384078601e-02 1.117614287427687314e-01 3.117204299392735689e-01
6.344154691620434994e-01 7.514947897280142841e-02 0.000000000000000000e+00 2.904350518651550583e-01
1.176495287712167603e-01 0.000000000000000000e+00 1.436665246157643738e-01 7.386839466130189491e-01
5.426067496337254603e-01 5.929703263749306480e-02 7.885434362778177830e-02 3.192418741009997452e-01
6.596564106186098009e-01 1.091677032955717663e-01 0.000000000000000000e+00 2.311758860858184605e-01
6.850028708109836550e-01 1.110510613888496256e-01 0.000000000000000000e+00 2.039460678001668026e-01
7.405325698827910363e-01 9.148479676250440007e-02 0.000000000000000000e+00 1.679826333547044803e-01
6.508679745403470607e-01 4.811662321550581878e-02 0.000000000000000000e+00 3.010154022441471344e-01
6.978793350458203371e-01 8.558407316240751461e-02 0.000000000000000000e+00 2.165365917917722594e-01
4.816577730100717325e-01 1.334375096626975177e-01 1.463829930158451476e-01 2.385217243113856855e-01
4.154328481367336456e-01 1.277745530691264397e-01 1.664804629205385578e-01 2.903121358736012736e-01
4.438026754941518659e-01 7.940839352254194794e-02 1.981988808716356743e-01 2.785900501116704842e-01
5.490448562881568018e-01 1.929391459308005263e-01 2.101001132092930948e-02 2.370059864601133104e-01
5.270746192358638504e-01 8.930734430591216744e-02 1.069335467515044186e-01 2.766844897067194942e-01
0.000000000000000000e+00 7.226696764562852600e-03 2.269071441333486983e-01 7.658661591020884396e-01
6.189435732192738460e-01 5.381925519980539779e-02 1.586735939040629859e-02 3.113698121905144611e-01
6.404967894528638128e-01 1.425811040438234867e-01 0.000000000000000000e+00 2.169221065033126450e-01
6.467005585141575308e-01 1.231618464598621537e-01 0.000000000000000000e+00 2.301375950259803294e-01
5.802649021903729665e-01 7.033389151207242174e-02 3.095817327470925737e-02 3.184430330228454342e-01
4.190670162498680851e-01 2.050581261745223760e-01 1.264596462007876454e-01 2.494152113748218658e-01
4.312161666343195532e-01 2.332827377476340280e-01 1.098607214371236512e-01 2.256403741809228092e-01
5.221144145982410389e-01 1.169656470528018938e-01 8.616649664095253625e-02 2.747534417080046421e-01
6.288504061112998311e-01 1.143820204591715073e-01 0.000000000000000000e+00 2.567675734295286616e-01
3.881944006262515873e-02 0.000000000000000000e+00 1.976066655117369175e-01 7.635738944256380556e-01
1.442274303106753086e-01 9.809848986598445220e-04 1.312086511968062197e-01 7.235829335938586127e-01
4.062436012758469661e-01 2.266879439883643932e-01 1.211988566361367065e-01 2.458695980996519481e-01
4.700115799375970127e-01 1.454970212939702412e-01 9.740984144187246618e-02 2.870815573265603771e-01
4.864547517621550243e-01 1.373439228493817943e-01 9.237979107512891974e-02 2.838215343133342894e-01
3.959320560584270732e-01 2.555439118369050022e-01 1.212679552655681059e-01 2.272560768390997354e-01
5.010164153645898510e-01 1.403844277853240619e-01 5.723230888144917317e-02 3.013668479686369417e-01
1.271274304297307645e-01 5.784749324603746280e-03 1.439757671709748221e-01 7.231120530746906194e-01
6.136282057719485428e-01 1.379843227059357469e-01 0.000000000000000000e+00 2.483874715221158491e-01
6.819218611241474326e-01 7.690000931482182667e-02 0.000000000000000000e+00 2.411781295610306020e-01
4.547744481456882926e-01 9.000317602299698350e-02 1.914201138239773892e-01 2.638022620073372515e-01
4.208982848785565722e-01 1.862905897222078000e-01 1.206685564236154862e-01 2.721425689756200028e-01
4.196790659138741053e-01 2.802154454747243784e-01 7.318692124470492499e-02 2.269185673666966607e-01
4.549362360858336118e-01 1.101983789375231559e-01 1.678961992234476730e-01 2.669691857531956702e-01
4.795249791138335160e-01 1.132366699209753635e-01 1.062591777993408954e-01 3.009791731658502667e-01
8.599214984060250810e-02 5.879392894488408685e-04 2.619437940139960341e-01 6.514761168559526361e-01
3.870803932129346370e-01 1.487958941434671112e-01 2.213647520907112420e-01 2.427589605528870098e-01
6.073391046688553230e-01 1.036664039053581815e-01 0.000000000000000000e+00 2.889944914257864816e-01
1.451662617587786142e-01 7.639333657051005505e-03 1.599853200168304401e-01 6.872090845673399784e-01
4.008532691087429156e-01 1.763953222295170098e-01 1.453529699042939716e-01 2.773984387574460753e-01
5.342922717830425050e-01 1.830539863006287182e-01 7.037993522140661984e-02 2.122738066949221569e-01
6.201496341394462375e-01 1.348229071055626616e-01 0.000000000000000000e+00 2.450274587549910177e-01
4.924426028964346558e-01 1.094493968603114653e-01 1.042468445538714816e-01 2.938611556893823695e-01
8.417639313399968848e-02 1.497715065060837734e-03 2.444099728530369775e-01 6.699159189479023668e-01
4.843850648700355754e-01 1.718842390522554442e-01 1.088457415779351539e-01 2.348849544997738681e-01
5.481190265938292727e-01 1.628384832278196026e-01 1.467777987487148446e-02 2.743647103034797530e-01
4.342683906487892487e-01 2.657759293943766643e-01 3.702068036253122751e-02 2.629349995943028873e-01
5.079415264546451869e-01 2.159061119592347311e-01 0.000000000000000000e+00 2.761523615861201653e-01
4.121549474381805966e-01 2.204017223647781187e-01 1.563243780246980075e-01 2.111189521723432772e-01
6.349094862026483099e-01 1.313965239460602452e-01 0.000000000000000000e+00 2.336939898512913616e-01
4.461316854607793592e-01 1.259699638998125759e-01 1.259191178270081535e-01 3.019792328123999114e-01
4.680189372336270304e-01 2.300571265625008799e-01 1.130250232488043266e-01 1.888989129550678603e-01
4.821026215618004485e-01 3.017612752080707228e-01 0.000000000000000000e+00 2.161361032301288010e-01
4.012364539372136885e-01 2.126455055881856238e-01 1.218876086049303503e-01 2.642304318696702681e-01
6.676204114368072817e-01 1.492256421089023788e-01 0.000000000000000000e+00 1.831539464542903950e-01
4.555296754749061372e-01 2.715133127263241186e-01 4.061313126374974797e-02 2.323438805350200032e-01
5.910623837372418476e-01 1.678564773953665212e-01 0.000000000000000000e+00 2.410811388673917144e-01
6.313804572027404971e-01 1.433521547199229085e-01 0.000000000000000000e+00 2.252673880773365944e-01
4.649281601846820267e-01 2.019375609221066847e-01 6.239967843167704142e-02 2.707346004615341917e-01
5.222113993829383127e-02 7.373504752648489015e-03 4.182644603608000056e-01 5.221408949482576611e-01
3.940080269318715911e-01 2.472902288459712106e-01 1.159270335548195086e-01 2.427747106673376343e-01
4.266696614696579015e-01 1.886656031756574203e-01 1.493450416279360204e-01 2.353196937267487687e-01
5.747263162672570092e-01 2.058473788096233659e-01 2.300465746368693387e-02 1.964216474594326634e-01
6.299944664154699669e-02 4.926181369927762864e-04 2.781973089962112566e-01 6.583106262252489405e-01
3.267028524548136192e-01 3.711596411631545855e-01 1.083484928365511246e-01 1.937890135454806984e-01
4.278465994202167999e-01 2.213759015592105250e-01 1.026654083509968562e-01 2.481120906695758743e-01
1.031251455873330447e-01 7.020503961241660040e-03 3.472289606954379604e-01 5.426253897559873973e-01
6.522011571960535381e-01 1.240334226338473816e-01 0.000000000000000000e+00 2.237654201700990664e-01
6.837660381826664580e-01 8.897943274774021416e-02 0.000000000000000000e+00 2.272545290695932307e-01
5.418489993467126009e-01 1.514096581738527958e-01 4.053771969364391298e-02 2.662036227857906279e-01
4.762200471088074427e-01 1.301220982194792875e-01 8.211512221756127328e-02 3.115427324541521492e-01
2.636800900350599886e-01 2.769819505478666732e-01 2.475961913734930908e-01 2.117417680435802474e-01
3.635534059289661224e-01 2.197250564832478326e-01 1.740786767649218358e-01 2.426428608228642370e-01
4.551448394794418428e-01 3.134260888667766420e-01 0.000000000000000000e+00 2.314290716537815151e-01
4.894033921328344583e-01 1.617421227363758929e-01 1.029402656488541679e-01 2.459142194819354532e-01
4.780480559850530109e-01 2.840954979125709934e-01 0.000000000000000000e+00 2.378564461023759680e-01
6.553897075764686386e-01 8.700014206645552417e-02 0.000000000000000000e+00 2.576101503570759621e-01
5.211312137631560759e-01 9.782886080645150639e-02 1.091614389629786408e-01 2.718784864674137491e-01
5.548055631539021704e-01 1.493394753580104539e-01 3.824806048744096992e-02 2.576069010006463711e-01
5.371598373441978103e-01 1.473030406602413578e-01 7.853390920445971202e-02 2.370032127911012032e-01
6.614300140815340123e-01 1.067927846973056455e-01 0.000000000000000000e+00 2.317772012211604671e-01
7.351458565281383528e-01 8.839475825677689524e-02 0.000000000000000000e+00 1.764593852150847519e-01
4.405879534719094881e-01 2.561601825133398846e-01 7.488161845568612474e-02 2.283702455590644331e-01
5.254925699746204604e-01 1.700955156429892756e-01 2.531643554741776561e-02 2.790954788349724325e-01
4.280773879990089070e-01 2.046564786635919064e-01 1.022684958971718516e-01 2.649976374402273072e-01
6.618579660096639283e-02 9.447668630140005274e-04 3.382557623646645362e-01 5.946136741713550222e-01
5.950293227592969858e-01 1.241768897020706780e-01 0.000000000000000000e+00 2.807937875386323778e-01
5.082884240476677196e-01 2.511500647480578441e-01 0.000000000000000000e+00 2.405615112042742976e-01
3.972774274385839632e-01 2.345892386125959794e-01 1.358379890094171261e-01 2.322953449394028758e-01
4.892317711288816096e-01 1.354069446724602555e-01 1.334341806625849725e-01 2.419271035360731625e-01
5.427825287212810768e-01 1.579390605004734049e-01 8.645269524705934128e-02 2.128257155311862880e-01
6.529411634925462726e-01 1.150706505310773037e-01 0.000000000000000000e+00 2.319881859763762710e-01
6.704774596055459446e-01 1.187739653938194445e-01 0.000000000000000000e+00 2.107485750006344305e-01
1.170522928235689930e-02 5.394754127952940646e-03 3.272458860014366699e-01 6.556541305882535031e-01
3.440687435108581438e-01 3.407138669724408264e-01 1.095588833510811322e-01 2.056585061656198976e-01
1.163956588146339011e-01 4.757763192844558647e-02 3.299194815208632559e-01 5.061072277360572080e-01
5.447547643519002891e-01 1.361412265326141791e-01 7.377017561676721402e-02 2.453338334987182900e-01
4.180172427737764429e-01 1.212442686145771831e-01 1.680246892249537827e-01 2.927137993866926746e-01
6.893466505871330696e-01 1.246070645193927962e-01 0.000000000000000000e+00 1.860462848934741897e-01
3.925543646789860230e-01 2.594653690761515863e-01 1.192200369593962028e-01 2.287602292854661046e-01
4.365005652070949038e-01 2.772389310775748572e-01 3.054263342355791749e-02 2.557178702917722868e-01
6.048623309442542340e-01 1.593986378433671636e-01 0.000000000000000000e+00 2.357390312123787135e-01
5.728064793109085562e-01 1.269350115874061380e-01 3.683226112544956549e-02 2.634262479762358167e-01
5.500772004224790956e-01 1.214467966017457046e-01 3.193973988896898347e-02 2.965362630868061955e-01
4.096481182541445998e-01 9.455019796264385601e-02 2.229738871697150016e-01 2.728277966134964316e-01
4.344005770687665580e-01 2.331852542886414248e-01 7.315616364548337136e-02 2.592580049971087708e-01
4.465755072681419635e-02 5.465261043570539441e-03 4.297167031839481677e-01 5.201604850456671425e-01
6.316206241166792690e-02 5.928133346283746830e-04 2.174245839430723470e-01 7.188205403106314728e-01
4.364883411527240575e-01 2.611245630578895027e-01 7.695472972514282028e-02 2.254323660642436333e-01
6.104921411406907250e-01 1.119293097876799120e-01 1.650249051203336523e-02 2.610760585595959249e-01
4.577344167816222442e-01 1.841521625552801911e-01 8.208229461555473228e-02 2.760311260475429296e-01
5.708619093937172817e-01 1.662135461055051500e-01 0.000000000000000000e+00 2.629245445007774573e-01
3.582049336905398507e-01 3.269181684885336114e-01 1.047291921618094673e-01 2.101477056591170567e-01
2.270533090180700334e-02 3.468212966468350259e-03 4.047119970591379623e-01 5.691144590725867314e-01
5.852257418999678995e-01 1.400129130574443437e-01 6.685803404377808727e-03 2.680755416382099576e-01
1.354537215115126092e-01 7.690715743159889928e-02 0.000000000000000000e+00 7.876391210568883805e-01
5.134018976024768977e-01 1.168306979024024694e-01 1.079342967401828585e-01 2.618331077549377328e-01
4.035758624449143350e-01 2.673774262308094563e-01 8.849654005142894297e-02 2.405501712728472241e-01
3.940859384677273813e-01 3.363227980941703721e-01 4.526072573054202436e-02 2.243305377075601459e-01
6.864891934361636583e-01 1.021442509962419004e-01 0.000000000000000000e+00 2.113665555675943997e-01
6.002985172484022192e-01 1.354719974032486118e-01 2.796967603282642101e-02 2.362598093155226786e-01
7.902365613617994000e-02 6.193360044915332055e-03 4.451233601036674870e-01 4.696596237152372288e-01
4.463625492721303156e-01 2.175681933901464082e-01 7.573822053081800953e-02 2.603310368069051695e-01
5.486882353446236316e-01 1.347092368664798423e-01 8.124704142307208332e-02 2.353554863658244012e-01
6.193377746261334860e-01 1.497029482543940082e-01 0.000000000000000000e+00 2.309592771194725613e-01
3.732569981856186797e-02 7.670081570307998343e-04 3.858006865328637014e-01 5.761066054915435775e-01
4.744222486088860991e-01 1.664303188814494072e-01 9.815234772389107298e-02 2.609950847857733791e-01
4.751330121842899795e-02 6.737984262986196436e-04 3.764480650001590378e-01 5.753648353551132910e-01
3.555337895644644086e-01 2.395345539666610679e-01 1.643586576391200538e-01 2.405729988297543587e-01
6.061023335816457802e-01 1.400677629762620835e-01 0.000000000000000000e+00 2.538299034420921640e-01
2.439151409597217768e-02 3.647401291790677152e-02 4.113930222277970561e-01 5.277414507583240155e-01
1.235141381363209917e-01 0.000000000000000000e+00 2.105561566060714651e-01 6.659297052576075293e-01
4.559295464231133965e-01 1.446796898211635818e-01 1.342176043396353380e-01 2.651731594160876559e-01
4.725669279988364280e-01 7.360043908282114244e-02 1.620986217772516502e-01 2.917340111410906545e-01
6.263922909237357173e-01 1.044978414276883510e-01 0.000000000000000000e+00 2.691098676485759178e-01
6.595186701523821915e-01 1.293910814303586565e-01 0.000000000000000000e+00 2.110902484172591242e-01
5.801517154369378870e-01 1.738953924050301303e-01 0.000000000000000000e+00 2.459528921580321770e-01
3.319913752288802256e-01 2.590909421811268265e-01 1.833357900229311832e-01 2.255818925670615982e-01
5.541175125363461129e-01 5.866470945075386023e-02 7.976791920571799088e-02 3.074498588071821192e-01
4.431532353731912899e-01 2.163997643085080191e-01 7.947857563206667253e-02 2.609684246862339352e-01
5.245615605126248138e-01 9.603790863626349150e-02 1.012238398433171344e-01 2.781766910077946853e-01
1.563973753090992791e-02 0.000000000000000000e+00 3.034884822266649129e-01 6.808717802424251175e-01
3.978080757596547667e-01 1.873785411222551323e-01 1.601151704772488527e-01 2.546982126408412483e-01
4.108892311671588637e-01 2.316236695119629208e-01 1.032570672851102073e-01 2.542300320357681609e-01
4.745236232743601373e-02 8.711034199346133662e-04 3.085704500018761620e-01 6.431060842507532183e-01
4.925516192789870795e-02 4.370148789066114446e-03 1.984412493692251644e-01 7.479334399138101164e-01
4.762865520302973499e-01 2.623229904482675123e-01 1.001929259697882310e-02 2.513711649244563251e-01
1.277916504734990799e-01 1.426470701515412387e-01 2.288747881107866533e-01 5.006864912641730836e-01
6.829569063071572188e-01 1.196736355189203099e-01 0.000000000000000000e+00 1.973694581739224851e-01
6.466679661802622325e-01 9.668642151728154555e-02 0.000000000000000000e+00 2.566456123024563052e-01
6.600377286166488888e-01 1.059576880211723360e-01 0.000000000000000000e+00 2.340045833621786919e-01
6.537640878066923733e-01 1.125663034592608441e-01 0.000000000000000000e+00 2.336696087340468519e-01
6.189369265377172580e-01 1.351879372681850378e-01 0.000000000000000000e+00 2.458751361940977043e-01
6.350756426010184530e-01 7.810097799178922218e-02 9.699822802733099048e-03 2.771235566044591980e-01
4.182115648143165387e-01 2.425377373582654761e-01 9.497204679944182271e-02 2.442786510279761347e-01
6.513698193609827047e-01 6.911224164601530162e-02 0.000000000000000000e+00 2.795179389930019243e-01
6.528975458734173065e-01 7.992289314985301374e-02 0.000000000000000000e+00 2.671795609767296797e-01
6.269056688126721788e-01 6.007207438867700339e-02 0.000000000000000000e+00 3.130222567986509219e-01
6.224845999312527134e-01 1.601037123558476938e-01 0.000000000000000000e+00 2.174116877128995928e-01
5.512246554805180082e-02 6.461970223027412551e-03 4.412841994793522543e-02 8.942871442809854354e-01
5.621484372626789350e-01 9.710416386729336935e-02 7.675364513310857506e-02 2.639937537369190790e-01
6.453049215583823994e-02 5.741427184238106878e-03 8.766141704339260043e-02 8.420666636165310415e-01
1.130382342452267985e-01 0.000000000000000000e+00 1.541888727433665396e-01 7.327728930114066896e-01
6.695069753058073836e-01 1.252547013315948865e-01 0.000000000000000000e+00 2.052383233625977021e-01
