3.355785552091818807e-02 1.269031683910051313e-03 9.219761106322629240e-01 4.319700216290878192e-02
2.076709276717855421e-02 1.737678573830698028e-02 9.184346100603801855e-01 4.342151143413415515e-02
2.464836747193979161e-01 3.346164562691913980e-01 9.615238924336559634e-02 3.227474797680450203e-01
8.498896919605915257e-02 5.874202285426867176e-01 2.978726939696325210e-02 2.978035328642909541e-01
4.158807525550432121e-02 0.000000000000000000e+00 9.143260961180077473e-01 4.408582862648797313e-02
2.500762539022837183e-01 3.297859633012517611e-01 9.688434263550101122e-02 3.232534401609635233e-01
1.038476661220218145e-01 5.831672766721304191e-01 3.552265816001687337e-02 2.774623990458306988e-01
1.126224292264095123e-01 5.599623259951194143e-01 3.675251927695371429e-02 2.906627255015173383e-01
2.484064443996013283e-01 3.289169042731779902e-01 9.880425051935662339e-02 3.238724008078640582e-01
2.380934961439429287e-01 3.515581297784610704e-01 8.751794306813667768e-02 3.228304310094593510e-01
5.064154428307202777e-02 6.637071977632084119e-01 1.681968352172235823e-02 2.688315744319971223e-01
7.780049634726278474e-02 0.000000000000000000e+00 8.821222969077404663e-01 4.007720674499670038e-02
6.318589333000582120e-02 0.000000000000000000e+00 8.963772625293378038e-01 4.043684414065636806e-02
2.613479374859436696e-02 1.887939603227454036e-02 9.145676200025587566e-01 4.041819021657228755e-02
2.483459177803440943e-01 3.310887899638086940e-01 9.635864752234257757e-02 3.242066447335046342e-01
2.471405788188620334e-01 3.356205187808605772e-01 9.212016430381540777e-02 3.251187380964620233e-01
2.488588863841321996e-01 3.320036704859638532e-01 9.476001168172792921e-02 3.243774314481759347e-01
2.581368041026022714e-02 2.665589683237475083e-02 9.096604293351191473e-01 3.786999342224591641e-02
1.108189908242599719e-01 5.717655215166455029e-01 3.846935323987984295e-02 2.789461344192146197e-01
4.515238586650350411e-02 6.685315791273206409e-01 1.737215515458681234e-02 2.689438798515890738e-01
6.236297425946385475e-02 6.336154833744528370e-01 2.164951442996233821e-02 2.823720279361210395e-01
6.210704373015988461e-02 0.000000000000000000e+00 8.936626291570245462e-01 4.423032711281558310e-02
2.144771514418188085e-01 3.942725309604706019e-01 7.667869965467573323e-02 3.145716179430348425e-01
9.649454560246413515e-02 0.000000000000000000e+00 8.703234962403592068e-01 3.318195815717663727e-02
2.107231963125215657e-01 3.870891716045385400e-01 8.020477962859606791e-02 3.219828524543438264e-01
2.430203499396204891e-01 3.405915054684957033e-01 9.353086589095531422e-02 3.228572787009286182e-01
0.000000000000000000e+00 6.963118656872978596e-01 1.324443328970751899e-01 1.712438014156269783e-01
1.120527393966992830e-01 5.626999801782336386e-01 4.046606112511583891e-02 2.847812192999510938e-01
7.424350266530850562e-02 0.000000000000000000e+00 8.851585453334559483e-01 4.059795200123558767e-02
2.446391372858363888e-01 3.374931252028894324e-01 9.485348951351101066e-02 3.230142479977631820e-01
7.244322234309188979e-02 0.000000000000000000e+00 8.951407769821309035e-01 3.241600067477724834e-02
2.368781744540339740e-01 3.478318981260642428e-01 9.551730018337090122e-02 3.197726272365309375e-01
4.961992924178959541e-02 2.069253073049284394e-02 8.956695367997873358e-01 3.401800322793027687e-02
2.456138207344765734e-01 3.365344311904701069e-01 9.483363615776738142e-02 3.230181119172859106e-01
2.498490284520542282e-01 3.270935122519403326e-01 9.782824443815729687e-02 3.252292148578481701e-01
2.433435117823278815e-01 3.404428051941732480e-01 9.411364027337608407e-02 3.221000427501226615e-01
0.000000000000000000e+00 6.910857990256895622e-01 1.305390293105871125e-01 1.783751716637233808e-01
2.499695794684182182e-01 3.310059089501433127e-01 9.304272350380933532e-02 3.259817880776291754e-01
2.430619835013749508e-01 3.372399774753163104e-01 9.669796330056179556e-02 3.230000757227468600e-01
2.481862067139485595e-01 3.296255361988647548e-01 9.701497182591986568e-02 3.251732852612668756e-01
9.934154425552207957e-02 5.779059078578439035e-01 3.124503320071123427e-02 2.915075146859228972e-01
9.755239878458814295e-02 5.634607921143803821e-01 3.971858005009820669e-02 2.992682290509333098e-01
4.373429170215400313e-02 0.000000000000000000e+00 9.160829727178882997e-01 4.018273557995781509e-02
2.478388959587459750e-01 3.292774757332864732e-01 9.958069953942408348e-02 3.233029287685434405e-01
2.492987798297052193e-01 3.295735089955683650e-01 9.629120242574586153e-02 3.248365087489806236e-01
2.450157712474001215e-01 3.359212880708430382e-01 9.574980382663969558e-02 3.233131368551172002e-01
9.625852529043087136e-02 6.022141899314292779e-01 3.054455946629980323e-02 2.709827253118400336e-01
7.617633618444999422e-02 0.000000000000000000e+00 8.789930963952121701e-01 4.483056742033787734e-02
2.504094814840159278e-01 3.233513567299775571e-01 9.704769687341342765e-02 3.291914649125930459e-01
2.502598541646718910e-01 3.263673299049662524e-01 9.835981047076053363e-02 3.250130054596012119e-01
1.634213125115155651e-01 4.845885883133604910e-01 5.532198873896833347e-02 2.966681104361557075e-01
9.375492603923535340e-02 5.917558187322176089e-01 3.328700919410969988e-02 2.812022460344372199e-01
2.515673548264441006e-01 3.251760992468605838e-01 9.755500630444097210e-02 3.257015396222542880e-01
4.482211712754736316e-02 0.000000000000000000e+00 9.108493628680146559e-01 4.432852000443803647e-02
1.002214591289889156e-01 5.854714177921283014e-01 3.412830608694143036e-02 2.801788169919414151e-01
2.463205247462547653e-01 3.336874391380950100e-01 9.723091685563740871e-02 3.227611192600128298e-01
1.136777069134778939e-01 5.716915797906158003e-01 3.648739783253524688e-02 2.781433154633710658e-01
5.818239771547359385e-02 0.000000000000000000e+00 9.045376766867435636e-01 3.727992559778280784e-02
2.511559737219225541e-01 3.241346674701137687e-01 9.910394800620245248e-02 3.256054108017613080e-01
2.463691919771621441e-01 3.373348567020522104e-01 9.436217424073524429e-02 3.219337770800504428e-01
6.094456597130845643e-02 6.575333935452427614e-01 1.636425429790453606e-02 2.651577861855442531e-01
2.522337377409981096e-01 3.242073972892933753e-01 9.886210325711417002e-02 3.246967617125944838e-01
1.083470197854282113e-01 5.618789298022257572e-01 3.661238114501643576e-02 2.931616692673296165e-01
9.867064670578545860e-02 5.897105009649511453e-01 2.891025588159904305e-02 2.827085964476644397e-01
2.526197811729973819e-01 3.246394997433266205e-01 9.606335851310111862e-02 3.266773605705748929e-01
2.432375407899122211e-01 3.401356486090240105e-01 9.467518521928398878e-02 3.219516253817798490e-01
2.538719359517591090e-01 3.200354158598431864e-01 1.003983288595806239e-01 3.256943193288170946e-01
2.466198166841437056e-01 3.337432798955786706e-01 9.591904602426397364e-02 3.237178573960136641e-01
5.774599984588885127e-02 0.000000000000000000e+00 9.015997824440472597e-01 4.065421771006400009e-02
2.499429683465752283e-01 3.306670239421428681e-01 9.934864582287966650e-02 3.200413618884023204e-01
2.392264799907872774e-01 3.462861866304451919e-01 9.213316573439321588e-02 3.223541676443743564e-01
2.460359384787102477e-01 3.357539467061844141e-01 9.522818899873732035e-02 3.229819258163679763e-01
9.320558275106159696e-02 0.000000000000000000e+00 8.682930218016825519e-01 3.850139544725592056e-02
2.348850460824586095e-01 3.542718732947617299e-01 8.848302245061580307e-02 3.223600581721640101e-01
2.337169866421348330e-01 3.354093049660902270e-01 9.204905651914253861e-02 3.388246518726323320e-01
2.504605996109964816e-01 3.289001364394898430e-01 9.498581013316563515e-02 3.256534538163479153e-01
2.509220452900310927e-01 3.268298666340637704e-01 9.619920848599189389e-02 3.260488795899131875e-01
2.421305092155166261e-01 3.473291199590040623e-01 8.931088306752341111e-02 3.212294877579559560e-01
2.482420129917702056e-01 3.277276061916981620e-01 9.949907045232504743e-02 3.245313103642066266e-01
7.937357071206253833e-02 6.191197877389756909e-01 2.568349086823070587e-02 2.758231506807310995e-01
2.465040192448440803e-01 3.403173470081079510e-01 8.921834337705919493e-02 3.239602903699888015e-01
1.021858198004301360e-01 5.769597447189050987e-01 3.415174084569768537e-02 2.867026946349671701e-01
8.891248359296946568e-02 0.000000000000000000e+00 8.731289113417290970e-01 3.795860506530154138e-02
2.458189033638136789e-01 3.365202518628961359e-01 9.531535564746945743e-02 3.223454891258207278e-01
2.293737404571746796e-01 3.651299868859088082e-01 8.784183519515026406e-02 3.176544374617662481e-01
2.303512724428793679e-01 3.616538319008808511e-01 8.666797650575459866e-02 3.213269191504851130e-01
3.572609426406533895e-02 0.000000000000000000e+00 9.222181936946960423e-01 4.205571204123854934e-02
8.620095284664826274e-02 0.000000000000000000e+00 8.778616251998365705e-01 3.593742195351520841e-02
2.504460329114978623e-01 3.285319200875092549e-01 9.559874015387506696e-02 3.254233068471176216e-01
7.040501597056272876e-02 0.000000000000000000e+00 8.939575514198166983e-01 3.563743260962060760e-02
5.178093712476114496e-02 0.000000000000000000e+00 9.080746612002850160e-01 4.014440167495384598e-02
2.452457222011731330e-01 3.352189082985567725e-01 9.423482795472999662e-02 3.253005415455401117e-01
2.435294979715506847e-01 3.382356196145075988e-01 9.240418360493397876e-02 3.258306988090077794e-01
5.048319636935678228e-02 0.000000000000000000e+00 9.045857708177349465e-01 4.493103281290826423e-02
6.096095870452783450e-02 6.446630223240863433e-01 2.239897158790397913e-02 2.719770473834818847e-01
2.152649220714031031e-01 3.818671302245482679e-01 8.214096820820376843e-02 3.207269794958448883e-01
2.402096207462434130e-01 3.446050106565493043e-01 9.255998141014715186e-02 3.226253871870601864e-01
2.518247539350875197e-01 3.282539876623493114e-01 9.408397559088597928e-02 3.258372828116772313e-01
1.805036811782916029e-02 9.730857746323984259e-03 9.287047264519293632e-01 4.351404768391742978e-02
2.507470922761047549e-01 3.256106851438461125e-01 9.776564498122368441e-02 3.258765775988253788e-01
7.704222758931818238e-02 0.000000000000000000e+00 8.827919057428875727e-01 4.016586666779434905e-02
2.466201181994950864e-01 3.341549052217129279e-01 9.259331403486452394e-02 3.266316625439274479e-01
7.929633070315691978e-02 0.000000000000000000e+00 8.852876625149739276e-01 3.541600678186915957e-02
2.490811916261027881e-01 3.289566004068343319e-01 9.748739525882042789e-02 3.244748127082425215e-01
7.742021410182119145e-02 0.000000000000000000e+00 8.837443528214752320e-01 3.883543307670355577e-02
1.173666015105708921e-01 5.430352088563245028e-01 3.824668052301250648e-02 3.013515091100918974e-01
