3.333332960694410652e-01 3.333333106386019429e-01 3.333333932919568809e-01
3.333329948970056855e-01 3.333332467047832592e-01 3.333337583982110552e-01
3.333333170520911271e-01 3.333332806254968306e-01 3.333334023224120979e-01
3.333333025573758102e-01 3.333333104492248178e-01 3.333333869933993165e-01
3.333331702595980217e-01 3.333334103077064681e-01 3.333334194326953992e-01
3.333333386710552459e-01 3.333333024262592481e-01 3.333333589026855615e-01
3.333333257947665440e-01 3.333332976966232875e-01 3.333333765086101685e-01
3.333333071986579466e-01 3.333332826096596646e-01 3.333334101916824443e-01
3.333292452831230768e-01 3.333371300138335269e-01 3.333336247030434518e-01
3.333332266767778940e-01 3.333333909506009940e-01 3.333333823726210010e-01
3.333333053751922903e-01 3.333332746726349605e-01 3.333334199521727492e-01
3.333331905487602609e-01 3.333334271515303593e-01 3.333333822997093243e-01
3.333331892458636370e-01 3.333333111979973062e-01 3.333334995561390568e-01
3.333332106943415196e-01 3.333332397759410370e-01 3.333335495297174433e-01
3.333333195828221962e-01 3.333332944326189429e-01 3.333333859845589164e-01
3.333332888715947462e-01 3.333333154727836645e-01 3.333333956556215338e-01
3.333327991363730924e-01 3.333336581607588833e-01 3.333335427028680242e-01
3.333333275805061557e-01 3.333333031896811294e-01 3.333333692298126594e-01
3.333333298470833594e-01 3.333333013943331480e-01 3.333333687585834926e-01
3.333333142844509545e-01 3.333333159261513967e-01 3.333333697893977043e-01
3.333333295200149871e-01 3.333333037128842768e-01 3.333333667671008471e-01
3.333333195210926303e-01 3.333332773810361860e-01 3.333334030978711282e-01
3.333333310991116183e-01 3.333332900734645166e-01 3.333333788274237541e-01
3.333332789081829284e-01 3.333332694312546307e-01 3.333334516605624409e-01
3.333333302664707176e-01 3.333332883457796880e-01 3.333333813877495388e-01
3.333332916791223455e-01 3.333333176167384004e-01 3.333333907041393096e-01
3.333331263938256739e-01 3.333333294240262146e-01 3.333335441821481115e-01
3.333333029655303759e-01 3.333333179399017299e-01 3.333333790945678943e-01
3.333333384337757721e-01 3.333332846301439445e-01 3.333333769360802279e-01
3.333332899334701671e-01 3.333333290726375187e-01 3.333333809938923142e-01
3.333333199344855613e-01 3.333332895911327309e-01 3.333333904743816523e-01
3.333331745066593910e-01 3.333332795556681605e-01 3.333335459376725041e-01
3.333332874557249359e-01 3.333332811951380537e-01 3.333334313491370104e-01
3.333331095830300850e-01 3.333332928360276948e-01 3.333335975809422203e-01
3.333333271015861965e-01 3.333332914175953787e-01 3.333333814808184803e-01
3.333323812850463308e-01 3.333341271904581293e-01 3.333334915244954844e-01
3.333333097470033701e-01 3.333333056676843209e-01 3.333333845853122535e-01
3.333333180944634822e-01 3.333332920650018960e-01 3.333333898405346774e-01
3.333332296001776940e-01 3.333332685332629497e-01 3.333335018665594118e-01
3.333331257334707365e-01 3.333332990051861566e-01 3.333335752613429959e-01
3.333333027536312665e-01 3.333332751493391921e-01 3.333334220970294859e-01
3.333330455609114784e-01 3.333334174844891917e-01 3.333335369545993854e-01
3.333333249730650594e-01 3.333333102858639929e-01 3.333333647410710032e-01
3.333318652032804530e-01 3.333342469496856086e-01 3.333338878470339939e-01
3.333330314866474464e-01 3.333333292818090321e-01 3.333336392315434660e-01
3.333328014528269545e-01 3.333337730280923616e-01 3.333334255190806839e-01
3.333331913091300280e-01 3.333333741602227951e-01 3.333334345306471769e-01
3.333332908128222583e-01 3.333333224583671650e-01 3.333333867288105767e-01
3.333307461768849067e-01 3.333357972305490136e-01 3.333334565925661352e-01
3.333332333312498119e-01 3.333333677815820129e-01 3.333333988871681752e-01
3.333333348396771978e-01 3.333332790869900086e-01 3.333333860733327936e-01
3.333333106506252141e-01 3.333333076362053338e-01 3.333333817131693411e-01
3.333333246699756169e-01 3.333333038101700674e-01 3.333333715198543712e-01
3.333333097344127194e-01 3.333333190240563293e-01 3.333333712415310068e-01
3.333333269885543348e-01 3.333333062935877611e-01 3.333333667178578485e-01
3.333331585853676060e-01 3.333333194231135610e-01 3.333335219915189440e-01
3.333330065282832932e-01 3.333333841280176069e-01 3.333336093436990999e-01
3.333332124495023141e-01 3.333333628812538696e-01 3.333334246692438163e-01
3.333331986135351643e-01 3.333332850701393180e-01 3.333335163163255732e-01
3.333332631696244719e-01 3.333333094607550118e-01 3.333334273696205718e-01
3.333331372813730931e-01 3.333334109101100950e-01 3.333334518085167564e-01
3.333332929276260903e-01 3.333333317666510864e-01 3.333333753057228233e-01
3.333333039918021101e-01 3.333332795651591796e-01 3.333334164430387103e-01
3.333333208420894977e-01 3.333332962118045750e-01 3.333333829461059272e-01
3.333332841270446600e-01 3.333333319524320326e-01 3.333333839205233073e-01
3.333329912727586164e-01 3.333332990153796138e-01 3.333337097118617143e-01
3.333330728115952990e-01 3.333332599173530197e-01 3.333336672710516813e-01
3.333332586710086032e-01 3.333332985162721918e-01 3.333334428127191496e-01
3.333332966951750298e-01 3.333333078016422757e-01 3.333333955031827500e-01
3.333332719185259085e-01 3.333333592786151267e-01 3.333333688028589092e-01
3.333280274376443919e-01 3.333379673556174372e-01 3.333340052067382264e-01
3.333330107983576429e-01 3.333332696790107241e-01 3.333337195226317995e-01
3.333330806277231551e-01 3.333333617245708425e-01 3.333335576477059470e-01
3.333331013543852639e-01 3.333333606462695609e-01 3.333335379993451753e-01
3.333329785742309426e-01 3.333332849297033773e-01 3.333337364960655691e-01
3.333331254138984234e-01 3.333333452357643556e-01 3.333335293503372765e-01
3.333329570115771689e-01 3.333335362645975519e-01 3.333335067238252791e-01
3.333332792614502327e-01 3.333333040986231066e-01 3.333334166399266607e-01
3.333333011697578452e-01 3.333333047529647430e-01 3.333333940772773563e-01
3.333331732151834093e-01 3.333333543111101638e-01 3.333334724737064270e-01
3.333329858823233516e-01 3.333333495439592120e-01 3.333336645737173254e-01
3.333330115589078768e-01 3.333332847777445429e-01 3.333337036633475248e-01
3.333332465234660758e-01 3.333333086449273286e-01 3.333334448316065957e-01
3.333331872389227457e-01 3.333332935199484481e-01 3.333335192411287506e-01
3.333328807863901733e-01 3.333336524070624751e-01 3.333334668065472961e-01
3.333329927433490436e-01 3.333333412195423895e-01 3.333336660371084559e-01
3.333332727622835834e-01 3.333333078296646934e-01 3.333334194080518342e-01
3.333332634211398360e-01 3.333333464807704538e-01 3.333333900980896547e-01
3.333329382686559539e-01 3.333333901694088830e-01 3.333336715619351631e-01
3.333332351121310877e-01 3.333332406340170362e-01 3.333335242538518761e-01
3.333332828983581742e-01 3.333332711202215415e-01 3.333334459814202289e-01
3.333332032114848520e-01 3.333333370358350645e-01 3.333334597526800835e-01
3.333325709071665588e-01 3.333338736390913937e-01 3.333335554537419920e-01
3.333331657808518700e-01 3.333332693495187349e-01 3.333335648696294506e-01
3.333332354545781584e-01 3.333332724450238094e-01 3.333334921003979767e-01
3.333330428331671147e-01 3.333332962714153358e-01 3.333336608954174940e-01
3.333331370461258270e-01 3.333332919008318851e-01 3.333335710530422324e-01
3.333331685013193324e-01 3.333332011833695652e-01 3.333336303153109914e-01
3.333333073388906054e-01 3.333332805052733883e-01 3.333334121558360619e-01
3.333330613288871813e-01 3.333333952998637217e-01 3.333335433712491525e-01
3.333332431696616749e-01 3.333331752635016465e-01 3.333335815668368451e-01
3.333331451105491228e-01 3.333332659272126852e-01 3.333335889622381920e-01
3.333329542647234245e-01 3.333332893058249535e-01 3.333337564294517330e-01
3.333333357888386139e-01 3.333332516733268913e-01 3.333334125378344948e-01
3.333331586724820328e-01 3.333332316999997880e-01 3.333336096275182348e-01
3.333332632616443081e-01 3.333332575343035953e-01 3.333334792040519856e-01
3.333332982439074499e-01 3.333332879177595687e-01 3.333334138383330369e-01
3.333330631980557235e-01 3.333333286111276883e-01 3.333336081908165882e-01
3.333329529464487684e-01 3.333334252354673288e-01 3.333336218180840138e-01
3.333329258846950971e-01 3.333333251276510145e-01 3.333337489876538884e-01
3.333330850139699653e-01 3.333332702119481405e-01 3.333336447740818942e-01
3.333332817468390719e-01 3.333332110087205424e-01 3.333335072444404412e-01
3.333320715315796212e-01 3.333342319724501013e-01 3.333336964959702775e-01
3.333327102412030896e-01 3.333331556950654972e-01 3.333341340637314132e-01
3.333330588305797870e-01 3.333332831096860738e-01 3.333336580597341947e-01
3.333329507971340977e-01 3.333334503916611236e-01 3.333335988112048343e-01
3.333332835568177943e-01 3.333332924134154718e-01 3.333334240297667339e-01
3.333333310887353629e-01 3.333332894790481116e-01 3.333333794322164700e-01
3.333332767673627406e-01 3.333332866937029348e-01 3.333334365389344356e-01
3.333331175846691030e-01 3.333333357282284859e-01 3.333335466871023556e-01
3.333321985950342126e-01 3.333337428696804272e-01 3.333340585352853602e-01
3.333329085898590893e-01 3.333333295606835112e-01 3.333337618494572885e-01
3.333330628685350905e-01 3.333332399557074610e-01 3.333336971757574485e-01
3.333332152129921400e-01 3.333332780506176318e-01 3.333335067363902837e-01
3.333331486287716694e-01 3.333332421813131607e-01 3.333336091899151143e-01
3.333333087896980240e-01 3.333333156873908298e-01 3.333333755229111461e-01
3.333332272283685005e-01 3.333333067405268024e-01 3.333334660311046416e-01
3.333332256792484460e-01 3.333332809274326403e-01 3.333334933933189137e-01
3.333333026792459353e-01 3.333332658652686797e-01 3.333334314554854405e-01
3.333333163281630429e-01 3.333333012457770361e-01 3.333333824260599210e-01
3.333333274827742221e-01 3.333332989601398011e-01 3.333333735570860323e-01
3.333330793529836189e-01 3.333332159728972788e-01 3.333337046741189913e-01
3.333331844053977200e-01 3.333333022157260461e-01 3.333335133788762894e-01
3.333330746737163119e-01 3.333333082820042481e-01 3.333336170442793289e-01
3.333331059503363281e-01 3.333334855749262027e-01 3.333334084747373582e-01
3.333332756954611731e-01 3.333333129198730593e-01 3.333334113846659341e-01
3.333331871487031917e-01 3.333332419080735076e-01 3.333335709432233562e-01
3.333329997533262534e-01 3.333333599246336987e-01 3.333336403220400479e-01
3.333332431934624140e-01 3.333332537943078377e-01 3.333335030122298037e-01
3.333334049553569600e-01 3.333331839421042608e-01 3.333334111025387791e-01
3.333333152575342906e-01 3.333332940806219558e-01 3.333333906618437537e-01
3.333333024496532571e-01 3.333333066246558229e-01 3.333333909256909755e-01
3.333330641795289040e-01 3.333334292960811740e-01 3.333335065243900330e-01
3.333328344788592523e-01 3.333331738121699250e-01 3.333339917089707116e-01
3.333327936366307642e-01 3.333334466935924389e-01 3.333337596697767968e-01
3.333332340639547087e-01 3.333332953196548321e-01 3.333334706163905148e-01
3.333330290210910762e-01 3.333334075632273796e-01 3.333335634156815441e-01
3.333333275239059867e-01 3.333332765239561679e-01 3.333333959521379564e-01
3.333329529097840971e-01 3.333332624597538096e-01 3.333337846304620378e-01
3.333330832898055984e-01 3.333332696367919401e-01 3.333336470734023504e-01
3.333332719741441408e-01 3.333333047731608656e-01 3.333334232526949936e-01
3.333333069341242738e-01 3.333332565302914441e-01 3.333334365355843376e-01
3.333332457319444497e-01 3.333332964835882817e-01 3.333334577844672131e-01
3.333330968348807710e-01 3.333334008408707638e-01 3.333335023242485207e-01
3.333330304405409672e-01 3.333332736207305080e-01 3.333336959387285248e-01
3.333329876705206640e-01 3.333334317835657257e-01 3.333335805459136658e-01
3.333322919532760165e-01 3.333341372457720997e-01 3.333335708009517173e-01
3.333330419284205592e-01 3.333332630564158627e-01 3.333336950151636890e-01
3.333332712891471927e-01 3.333332921447953456e-01 3.333334365660573506e-01
3.333330425609460912e-01 3.333333116335077673e-01 3.333336458055460860e-01
3.333332177498440352e-01 3.333332767048749479e-01 3.333335055452810169e-01
3.333328577674146143e-01 3.333332098329157556e-01 3.333339323996696302e-01
3.333328758523627644e-01 3.333335161205240871e-01 3.333336080271131485e-01
3.333332518784024034e-01 3.333332928598189970e-01 3.333334552617784885e-01
3.333323205996451821e-01 3.333339006337091015e-01 3.333337787666457719e-01
3.333332859724323360e-01 3.333332913507568440e-01 3.333334226768108755e-01
3.333329590979686174e-01 3.333332804756565237e-01 3.333337604263749143e-01
3.333330286063488357e-01 3.333331937435428660e-01 3.333337776501083538e-01
3.333333295560003129e-01 3.333332833538205642e-01 3.333333870901791784e-01
3.333332946327068336e-01 3.333332454546278356e-01 3.333334599126652753e-01
3.333329048312788645e-01 3.333334740526389117e-01 3.333336211160822793e-01
3.333330363172856137e-01 3.333333072562602029e-01 3.333336564264541280e-01
3.333332009337862112e-01 3.333332633409812895e-01 3.333335357252325548e-01
3.333332832600369167e-01 3.333332577825619536e-01 3.333334589574010742e-01
3.333329162115143407e-01 3.333336074575216079e-01 3.333334763309640514e-01
3.333330670030389964e-01 3.333333528986451300e-01 3.333335800983158181e-01
3.333326537686822078e-01 3.333338098519176840e-01 3.333335363794000528e-01
3.333327574588605402e-01 3.333333687456178085e-01 3.333338737955215958e-01
3.333332750623421159e-01 3.333332850659967428e-01 3.333334398716611968e-01
3.333319376033597181e-01 3.333342583864158937e-01 3.333338040102243882e-01
3.333307837952372288e-01 3.333353762578246116e-01 3.333338399469381597e-01
3.333331510435428857e-01 3.333333202139779905e-01 3.333335287424791793e-01
3.333332292809203512e-01 3.333333476632279191e-01 3.333334230558517297e-01
3.333332873203706526e-01 3.333333121334339233e-01 3.333334005461954797e-01
3.333333041974791411e-01 3.333332799111498046e-01 3.333334158913710543e-01
3.333332460199903147e-01 3.333333239284294036e-01 3.333334300515802262e-01
3.333325744839223947e-01 3.333334294528818575e-01 3.333339960631958032e-01
3.333332569917024646e-01 3.333333403902179470e-01 3.333334026180795329e-01
3.333330641256991855e-01 3.333332920780510689e-01 3.333336437962496901e-01
3.333332305533573958e-01 3.333333204043427145e-01 3.333334490422999452e-01
3.333331844593715454e-01 3.333334127999783569e-01 3.333334027406500977e-01
3.333328867641015547e-01 3.333333961958218628e-01 3.333337170400766380e-01
3.333329765484274176e-01 3.333332952615631339e-01 3.333337281900095039e-01
3.333328275882175840e-01 3.333336993839499107e-01 3.333334730278325608e-01
3.333327973749920514e-01 3.333336263494160456e-01 3.333335762755919029e-01
3.333331372445106355e-01 3.333332322501468825e-01 3.333336305053424264e-01
3.333322152847230657e-01 3.333337723234751637e-01 3.333340123918017150e-01
3.333332964332570980e-01 3.333333216551179201e-01 3.333333819116249819e-01
3.333333112472980919e-01 3.333333094605186453e-01 3.333333792921832628e-01
3.333333082504928435e-01 3.333332900215908445e-01 3.333334017279163120e-01
3.333333142551391237e-01 3.333332926306393218e-01 3.333333931142215545e-01
3.333333022459827877e-01 3.333332815346254363e-01 3.333334162193917205e-01
3.333332732663560893e-01 3.333333344562804945e-01 3.333333922773634717e-01
3.333330039084574925e-01 3.333332794962596268e-01 3.333337165952828252e-01
3.333333158456457945e-01 3.333333029600535902e-01 3.333333811943005043e-01
3.333333204139896089e-01 3.333332893050944268e-01 3.333333902809159643e-01
3.333332943147973570e-01 3.333333076072353962e-01 3.333333980779671912e-01
3.333332974436143403e-01 3.333332668046106728e-01 3.333334357517750424e-01
3.333331321348356746e-01 3.333334398321275982e-01 3.333334280330367272e-01
3.333333310142418959e-01 3.333332853239149296e-01 3.333333836618431745e-01
3.333320811864766697e-01 3.333343091236065092e-01 3.333336096899167655e-01
3.333299033358987362e-01 3.333364770409882327e-01 3.333336196231130866e-01
3.333333098763544555e-01 3.333332643132229101e-01 3.333334258104225789e-01
