3.001386220294105511e-01 2.755285138075243556e-01 4.243328641630652598e-01
3.157560635173822794e-01 2.890501230689146439e-01 3.951938134137030212e-01
3.239647754946125557e-01 2.821464709681835159e-01 3.938887535372038728e-01
3.184480683039798143e-01 2.873210145795244697e-01 3.942309171164957160e-01
3.187923639289684252e-01 2.720107147735228437e-01 4.091969212975087866e-01
3.308916352466532707e-01 2.817062581860487191e-01 3.874021065672980102e-01
3.160149735830454776e-01 2.875897457018183889e-01 3.963952807151360225e-01
3.148710575542685297e-01 2.884678625571647781e-01 3.966610798885666922e-01
2.918896894359691019e-01 2.880449868357355947e-01 4.200653237282953589e-01
3.189561629449647606e-01 2.859557657792515806e-01 3.950880712757837143e-01
3.089721960639706388e-01 2.957394732221144129e-01 3.952883307139150593e-01
3.270729990069644044e-01 2.707409237990613948e-01 4.021860771939743118e-01
2.986055238456497563e-01 2.913322677922307036e-01 4.100622083621194847e-01
3.223350178330299243e-01 2.912843284469885385e-01 3.863806537199814262e-01
3.194329318649205551e-01 2.956117648054739644e-01 3.849553033296055360e-01
3.179374432752032908e-01 2.768254223193514774e-01 4.052371344054453428e-01
3.108737094057312245e-01 2.876338214835971741e-01 4.014924691106714905e-01
3.538933962692432100e-01 2.824510877798687147e-01 3.636555159508881307e-01
3.204828275986077446e-01 2.812605778684243996e-01 3.982565945329678558e-01
