3.251760037895666255e-01 3.441192747551897746e-01 3.307047214552434888e-01
3.195907638878634494e-01 3.564420450090056702e-01 3.239671911031307694e-01
3.306036527398872327e-01 3.421666265932121753e-01 3.272297206669005920e-01
3.244085935611505378e-01 3.465611277001408030e-01 3.290302787387086036e-01
3.208694111683777495e-01 3.520009737464881439e-01 3.271296150851340512e-01
3.282529514018011074e-01 3.452779559432855860e-01 3.264690926549133065e-01
3.292323203661974840e-01 3.466595360504259871e-01 3.241081435833765845e-01
3.265617245483857789e-01 3.454979711329402292e-01 3.279403043186740474e-01
3.104747245261475497e-01 3.566521292001926802e-01 3.328731462736597702e-01
3.180217068695007088e-01 3.535164928397779294e-01 3.284618002907214174e-01
3.250736839092094876e-01 3.464317078474565270e-01 3.284946082433340964e-01
3.162685241179742923e-01 3.525709001336760906e-01 3.311605757483496171e-01
3.222526619031501616e-01 3.536228578630292163e-01 3.241244802338206776e-01
3.292079761770243529e-01 3.445885543142271912e-01 3.262034695087485114e-01
3.254228125096102486e-01 3.500422286525657345e-01 3.245349588378239059e-01
3.236600344228469095e-01 3.494675538218464106e-01 3.268724117553067354e-01
3.178078972222796450e-01 3.560430018441491096e-01 3.261491009335713009e-01
3.273677635786680362e-01 3.450760774559666899e-01 3.275561589653652739e-01
3.306110573389716145e-01 3.429275516846486127e-01 3.264613909763797173e-01
