3.315629919600653341e-01 3.092514595036340297e-01 3.591855485363006362e-01
3.291042133885668242e-01 3.089338574030561779e-01 3.619619292083768869e-01
3.299137748036143902e-01 3.089451544903845659e-01 3.611410707060010439e-01
3.305141311277032257e-01 3.059314063398286820e-01 3.635544625324681478e-01
3.272727259109041165e-01 3.030249241990500830e-01 3.697023498900458560e-01
3.321619072935894645e-01 3.084499945488932138e-01 3.593880981575172107e-01
3.317987899485188574e-01 3.103939424810418513e-01 3.578072675704392913e-01
3.316723784369748351e-01 3.101065159687484418e-01 3.582211055942766120e-01
3.261650130922488788e-01 2.933411820115018331e-01 3.804938048962492880e-01
3.276130595508990329e-01 3.018162609978856659e-01 3.705706794512153568e-01
3.310802843305170051e-01 3.094392245899889593e-01 3.594804910794939801e-01
3.283035791537596282e-01 3.012549817270211427e-01 3.704414391192192291e-01
3.273557005771935424e-01 3.112095839627052052e-01 3.614347154601012524e-01
3.292097025484588269e-01 3.098895615946710147e-01 3.609007358568701584e-01
3.319625240293151980e-01 3.104876362797766576e-01 3.575498396909080334e-01
3.279758247659539938e-01 3.064460158193290096e-01 3.655781594147169411e-01
3.257128797866931103e-01 3.005496783833098706e-01 3.737374418299970191e-01
3.293659818264336181e-01 3.122395759156167960e-01 3.583944422579495304e-01
3.325060466319415542e-01 3.079713258996173431e-01 3.595226274684410472e-01
