3.100515249086062131e-01 5.831683758291050002e-06 1.935268289768294903e-01 4.964158144308059573e-01
2.844535352010260643e-01 3.277611109346825909e-05 1.938633267915494118e-01 5.216503618963310718e-01
2.981994588845324201e-01 7.718912510283997200e-06 2.024629003402527438e-01 4.993299218627044178e-01
3.006788913822766585e-01 1.273633052792525879e-05 2.110569203800438387e-01 4.882514519071515235e-01
4.237798466194349634e-01 6.223556966378589184e-02 3.123621721464460710e-01 2.016224115703329767e-01
2.712078951031258178e-01 4.357777784936877630e-06 2.436296453062866130e-01 4.851581018128026668e-01
2.995908315864050375e-01 2.876863848691060975e-05 1.865228171321167694e-01 5.138575826429913063e-01
2.799883034826940453e-01 1.887532560708927720e-01 3.243020150594713713e-01 2.069564253869418391e-01
3.163041248924024496e-01 1.819705994138152150e-01 3.308043512556371746e-01 1.709209244381450776e-01
2.720521657592407383e-01 1.447553490022878499e-05 2.107590781909842725e-01 5.171742805148746847e-01
3.123452904152181353e-01 1.081131436913684418e-05 1.938047728604651854e-01 4.938391254099475658e-01
3.102903180357092228e-01 1.886096869975877888e-01 3.426161625894171281e-01 1.584838323772858604e-01
2.659102028080984614e-01 5.755801353908916488e-06 2.142317697060130144e-01 5.198522716845347391e-01
2.973587202617071212e-01 4.749539656696426970e-05 1.914419608457047228e-01 5.111518234960211737e-01
2.756765613132952653e-01 1.414741351406841396e-05 2.296680292801352719e-01 4.946412619930553589e-01
3.360264797385143498e-01 5.275536292860507541e-05 1.533055893289778926e-01 5.106151755695791383e-01
3.425110664911608649e-01 2.238187497292481197e-165 1.626178705007884917e-01 4.948710630080506157e-01
2.947340976908069954e-01 4.925522627530789514e-06 2.179290584058199420e-01 4.873319183807455213e-01
2.679105399320989567e-01 2.214312186479695162e-05 2.223410457358161729e-01 5.097262712102200721e-01
