"SBS1"	"SBS2"	"SBS3"	"SBS4"
"Sample1"	0.38458673242665	0.543568961249363	0.0422059750418411	0.0296383312821467
"Sample2"	0.449406440733285	0.516779090940276	0.0231390800822863	0.0106753882441521
"Sample3"	0.441307920557621	0.526052325651273	0.0173993933471039	0.0152403604440016
"Sample4"	0.507528549021697	0.458268096883187	0.015292302323356	0.01891105177176
"Sample5"	0.516492449715208	0.453662499628183	0.0155674520835353	0.0142775985730733
"Sample6"	0.556649691130318	0.391300374946819	0.0176329765461606	0.0344169573767027
"Sample7"	0.482086935407597	0.474267826977065	0.020115008766819	0.0235302288485188
"Sample8"	0.497833185740665	0.467757288635102	0.020467862577505	0.0139416630467277
"Sample9"	0.439178134222064	0.537048169381957	0.0126243669412736	0.0111493294547054
"Sample10"	0.420818724009796	0.50728345055649	0.0433886647110331	0.0285091607226815
"Sample11"	0.582844103515832	0.379612795748435	0.0172698115125457	0.0202732892231875
"Sample12"	0.541119803453502	0.414498450328991	0.0234437512772852	0.0209379949402218
"Sample13"	0.370145816019721	0.597796012946946	0.014380966980635	0.0176772040526977
"Sample14"	0.493001478751707	0.48643595485742	0.0113492391408826	0.00921332724999097
"Sample15"	0.496641057125208	0.480421656750122	0.011919572021902	0.0110177141027684
"Sample16"	0.503708140797214	0.465842954518481	0.0147364915306434	0.0157124131536616
"Sample17"	0.503735664146388	0.47590326459799	0.011298743880831	0.00906232737479112
"Sample18"	0.487712820374835	0.485352656160749	0.0172105899291461	0.00972393353527036
"Sample19"	0.506246048172297	0.448762673090098	0.0310750323929528	0.0139162463446522
"Sample20"	0.509580900338069	0.464331055660495	0.0152967361005936	0.0107913079008422
"Sample21"	0.523037045180764	0.45254009050559	0.0137409776027929	0.0106818867108527
"Sample22"	0.465756831992704	0.512730009112588	0.0114933264642605	0.0100198324304473
"Sample23"	0.471235679360536	0.497654292027987	0.0186227522914014	0.0124872763200756
"Sample24"	0.467089154356819	0.492662162087725	0.0215498512102098	0.0186988323452463
"Sample25"	0.450782618925775	0.512104328400473	0.0152457943987367	0.021867258275015
"Sample26"	0.525312880451571	0.45448004376113	0.0103123310199757	0.00989474476732343
"Sample27"	0.455607447150522	0.507875788629567	0.015673942637071	0.0208428215828407
"Sample28"	0.461186651485663	0.487780428412618	0.0353635054357319	0.0156694146659866
"Sample29"	0.479990358923477	0.490448692590088	0.0154299628614966	0.0141309856249378
"Sample30"	0.603773092816056	0.376098165832844	0.010881139301275	0.00924760204982508
"Sample31"	0.503448581333202	0.472597894368294	0.0129956127925872	0.0109579115059168
"Sample32"	0.408059117416811	0.552838036450722	0.0230000173933514	0.016102828739116
"Sample33"	0.481122396029526	0.48846159944379	0.0159784068501783	0.0144375976765058
"Sample34"	0.47776846088517	0.496304099315086	0.0141979178495511	0.0117295219501925
"Sample35"	0.523512004496297	0.44416539446157	0.0202728907949867	0.0120497102471467
"Sample36"	0.46030507232677	0.505746681823077	0.015992403795288	0.0179558420548649
"Sample37"	0.45597218214247	0.512224419837738	0.0194684575221801	0.0123349404976118
"Sample38"	0.499003560695785	0.456626467194978	0.0173353135965926	0.0270346585126441
"Sample39"	0.560681253122202	0.385658770491475	0.0321004350655983	0.0215595413207248
"Sample40"	0.558566795044339	0.406009088637786	0.0200247297779414	0.0153993865399328
"Sample41"	0.496139435303244	0.476466666491701	0.0139110794310447	0.0134828187740105
"Sample42"	0.513678305182674	0.460717085384144	0.016007804668021	0.00959680476516123
"Sample43"	0.471732305412343	0.493922557584841	0.0186970452078709	0.0156480917949454
"Sample44"	0.442008452125743	0.528656735915656	0.0143055067744361	0.0150293051841648
"Sample45"	0.52769983924119	0.442104144870978	0.016770256019313	0.013425759868519
"Sample46"	0.418301882124394	0.547891790315231	0.0209184636837395	0.0128878638766349
"Sample47"	0.444233104901934	0.530279787427478	0.0118145701737357	0.0136725374968522
"Sample48"	0.479972656511817	0.497641913919975	0.0124385152651022	0.00994691430310545
"Sample49"	0.48215849495426	0.491479243804156	0.0141252937017516	0.0122369675398327
"Sample50"	0.462042554126363	0.504741731549524	0.0155889584968744	0.0176267558272388
"Sample51"	0.528308578066325	0.442698464508721	0.0180122604043488	0.010980697020605
"Sample52"	0.432187734084781	0.534706106838786	0.0181587928713918	0.0149473662050414
"Sample53"	0.557351465537206	0.412525720463135	0.0174367106732145	0.0126861033264447
"Sample54"	0.404748178044948	0.567376230562573	0.0135102556493612	0.0143653357431177
"Sample55"	0.434635860052118	0.520120275624551	0.0263711726613361	0.0188726916619947
"Sample56"	0.424860119213796	0.539433131935758	0.0175079544247313	0.0181987944257146
"Sample57"	0.48686209621883	0.49363897070965	0.0101507355256178	0.00934819754590237
"Sample58"	0.466624306064387	0.504318430607537	0.0137462386963365	0.0153110246317393
"Sample59"	0.459940444656636	0.51311920592236	0.0169294780338386	0.0100108713871654
"Sample60"	0.429514596427303	0.5440466341836	0.0142809702416299	0.0121577991474665
"Sample61"	0.5066046220366	0.470454313553615	0.0126603792588104	0.0102806851509746
"Sample62"	0.410827231337784	0.564761149945634	0.0138346451096735	0.0105769736069087
"Sample63"	0.475305917759324	0.499414015329494	0.0132770219888433	0.0120030449223389
"Sample64"	0.417487620462227	0.552146486118928	0.018274747622085	0.0120911457967596
"Sample65"	0.517963232708564	0.375777996133099	0.0497676146056377	0.0564911565526996
"Sample66"	0.502187885015539	0.470024093226216	0.0139186714070442	0.0138693503512017
"Sample67"	0.577392593725437	0.399901404619675	0.012076944807331	0.0106290568475566
"Sample68"	0.372030042799661	0.572777858920463	0.0396202513368858	0.0155718469429901
"Sample69"	0.45774657114013	0.496315761619094	0.0249233293170222	0.0210143379237542
"Sample70"	0.458814676554207	0.498223682644205	0.0183813399078374	0.0245803008937501
"Sample71"	0.466164602893653	0.510579639225576	0.011684879854794	0.0115708780259771
"Sample72"	0.428602250174908	0.519859944708825	0.0286811441130934	0.0228566610031735
"Sample73"	0.494259073099129	0.461395877515373	0.0221120208442802	0.0222330285412179
"Sample74"	0.405038119756146	0.552047861687391	0.0206531218539153	0.0222608967025482
"Sample75"	0.40558926658353	0.558839043560851	0.0213712502042256	0.0142004396513932
"Sample76"	0.427463467786896	0.540979874827127	0.0195256914977689	0.012030965888208
"Sample77"	0.468145158016016	0.486148007046948	0.0250975299386224	0.0206093049984135
"Sample78"	0.469561634234758	0.497266479018114	0.0158625831881746	0.0173093035589537
"Sample79"	0.562573660297981	0.414703352215431	0.012471401491028	0.0102515859955603
"Sample80"	0.490676885531155	0.474706016483967	0.0204881764598087	0.0141289215250699
"Sample81"	0.417416415365644	0.552953692997807	0.0164828085403429	0.0131470830962055
"Sample82"	0.491557929197678	0.483895786923515	0.0123840895643934	0.0121621943144139
"Sample83"	0.465031625245387	0.507263111614125	0.0160263746447847	0.0116788884957028
"Sample84"	0.46834486804929	0.487465910411634	0.0241525965845295	0.0200366249545466
"Sample85"	0.520720966199614	0.442210330645837	0.0218484264951317	0.0152202766594174
"Sample86"	0.42409125075736	0.545677127740232	0.0151075520272574	0.0151240694751501
"Sample87"	0.524762841922317	0.443308161341167	0.0187539267218892	0.0131750700146269
"Sample88"	0.521317361839837	0.442179677962063	0.0205517508465918	0.0159512093515085
"Sample89"	0.421800662758858	0.535187276751905	0.0219452880804391	0.0210667724087983
"Sample90"	0.545984420482646	0.430008516493816	0.0134246728013915	0.0105823902221463
"Sample91"	0.368981970856093	0.598168668659664	0.0169405059817671	0.0159088545024763
"Sample92"	0.504903340778316	0.470580383028832	0.0131608918808677	0.0113553843119841
"Sample93"	0.50275382723309	0.473106845952699	0.0108782268349449	0.0132610999792667
"Sample94"	0.50426777525381	0.456874183808616	0.0186934745211219	0.0201645664164523
"Sample95"	0.459379029832789	0.510569402061572	0.0169441343190455	0.0131074337865938
"Sample96"	0.430372843027742	0.541967022705126	0.0157045083857751	0.0119556258813566
"Sample97"	0.458380667647273	0.482911556084374	0.0361760407578966	0.0225317355104564
"Sample98"	0.403768519657515	0.528564996084254	0.0470177705013818	0.0206487137568489
"Sample99"	0.508853226349051	0.446420038605318	0.0225954219621651	0.0221313130834662
"Sample100"	0.585324784041319	0.389994013457141	0.0134938739476343	0.0111873285539051
