	SBS3	SBS5	SBS40c	SBS92	SBS94
Sample1	0.13764478320919807	0.13801080150581074	0.3628263386773359	0.17301550717825442	0.18850256942940083
Sample2	0.23547762774590056	0.27297744400913154	0.1733215776488113	0.11525962975925064	0.20296372083690598
Sample3	0.15350607377735564	0.4338186223695357	0.08888617994483822	0.11278440577862092	0.2110047181296494
Sample4	0.2632543300413852	0.39015229331243884	0.013484902426640659	0.1511134915696185	0.1819949826499168
Sample5	0.18942132839695905	0.0	0.32089732153068673	0.22022452153763847	0.26945682853471564
Sample6	0.2391499828768563	0.20329922817014706	0.18801003487561838	0.25652935247665193	0.11301140160072645
Sample7	0.25051054937114164	0.2835755094705161	0.18694501510257	0.1962156381681109	0.08275328788766131
Sample8	0.26473168210008424	0.22093157103735866	0.11252583836810416	0.29408701917028107	0.10772388932417204
Sample9	0.16929310244617485	0.10189535261591644	0.364872270119001	0.20150177790007856	0.16243749691882922
Sample10	0.14522033889251915	0.10471098287972501	0.20196508706462302	0.2653578542748908	0.2827457368882421
Sample11	0.2542325054921949	0.3691597653741339	0.007211546829308337	0.2161881987545153	0.1532079835498475
Sample12	0.22744709464903282	0.11065039688799373	0.28097479831350347	0.1950634258878058	0.1858642842616641
Sample13	0.23637170336958543	0.15920185131788878	0.19853349160577966	0.20382460169998817	0.202068352006758
Sample14	0.24461623098122315	0.22075932755327476	0.19565432935306123	0.19530285302097247	0.14366725909146857
Sample15	0.12099872721777051	0.27336881368693894	0.21149711446019198	0.21708140903685125	0.17705393559824728
Sample16	0.2214080501831308	0.1337174184038217	0.31286761771445815	0.17016600184411101	0.16184091185447813
Sample17	0.05783179510604019	0.23608140024992114	0.241403876238186	0.18944926164211967	0.275233666763733
Sample18	0.16987331536052838	0.06127190248005619	0.4470222347827829	0.13174823376296524	0.19008431361366712
Sample19	0.25263984260554956	0.06312501482872677	0.2419750350431177	0.16513063121952773	0.27712947630307816
Sample20	0.08010765990966663	0.33633055790651994	0.23160676787432974	0.19866419274486383	0.15329082156461998
Sample21	0.295266084969531	0.0	0.2219922108095491	0.37773669635041873	0.10500500787050128
Sample22	0.255296247174343	0.11869497691341833	0.33129756718698256	0.15219393325590588	0.14251727546935025
Sample23	0.13780374997381079	0.33235196170516584	0.23327465979547712	0.07611658871690927	0.22045303980863704
Sample24	0.3340785232806257	0.17255039619728874	0.2722059766954351	0.12404966584682224	0.09711543797982805
Sample25	0.08090259703839298	0.14511478138382455	0.33551831340718313	0.14362598505018817	0.2948383231204111
Sample26	0.23824725975699143	0.1464377539360244	0.2530784637870814	0.21797398859393574	0.144262533925967
Sample27	0.16918103187102312	0.2526933132681677	0.26315300433453176	0.14304314686726385	0.17192950365901366
Sample28	0.3382638789597439	0.16083810224660122	0.2623383070757282	0.1606514513970829	0.07790826032084373
Sample29	0.19882586410247416	0.1450322921193201	0.31828512665113	0.16592261174032805	0.17193410538674758
Sample30	0.14429768987115804	0.0	0.22829234945066385	0.30989101659060253	0.3175189440875756
Sample31	0.19776607258500636	0.017422526776753478	0.3930737326663741	0.1763043705315031	0.21543329744036288
Sample32	0.03908800339829972	0.21010118407345565	0.321036440555948	0.19299233309650685	0.2367820388757897
Sample33	0.30569930293737196	0.0909460341233002	0.11305739188925784	0.2724475985348195	0.21784967251525056
Sample34	0.12268049170513441	0.4116860208654529	0.18245649249067092	0.0920223193078975	0.19115467563084418
Sample35	0.0978441149291173	0.35353745691855887	0.14611076839489778	0.15230553913918546	0.25020212061824054
Sample36	0.059748096571736346	0.2322636655506825	0.2896614087202097	0.1728067128376315	0.2455201163197399
Sample37	0.23724560448610532	0.15949257534724784	0.20473040190780847	0.2126879524943975	0.18584346576444086
Sample38	0.2044607855767501	0.2704462455232087	0.14427172228813798	0.1784321644372351	0.20238908217466803
Sample39	0.07483267823961103	0.15437367320742615	0.14338727413833002	0.2920911175700226	0.3353152568446101
Sample40	0.24554719791531043	0.2957645421771584	0.24891362568543765	0.09837226206863564	0.11140237215345788
Sample41	0.30587149130223795	0.1625851448625064	0.15912029239268874	0.12230478411897852	0.2501182873235883
Sample42	0.22541491897104293	0.16981986809742738	0.1359097944652962	0.3128242757507631	0.15603114271547044
Sample43	0.18628770012422086	0.2857313943739434	0.0494726015155676	0.19619129422333217	0.28231700976293583
Sample44	0.24000107446064609	0.07209302099318458	0.1501734840849497	0.3159291217850936	0.221803298676126
Sample45	0.2066856251806594	0.3847329078517289	0.26968221362989997	0.0	0.13889925333771178
Sample46	0.23123699146497192	0.19443719419053523	0.23190984193449218	0.15573846033023236	0.18667751207976838
Sample47	0.26863620191614584	0.20949417323978678	0.23729918332251157	0.08991890363896558	0.19465153788259032
Sample48	0.15922457459110612	0.08700753950456899	0.3442289763567921	0.18116911916801245	0.22836979037952027
Sample49	0.14145984929581476	0.3126576862771176	0.2293692933788813	0.16615861941822993	0.15035455162995648
Sample50	0.0	0.22140345028116126	0.29470715708273243	0.09774720134021846	0.38614219129588795
Sample51	0.38993241323275996	0.025017472184118185	0.2232314405433843	0.2378093738918522	0.12400930014788532
Sample52	0.16188865852662163	0.15299617313326955	0.42293780773664275	0.16316289255318997	0.09901446805027597
Sample53	0.126512653241402	0.22241700998424485	0.09979435871327162	0.16605936757600437	0.3852166104850771
Sample54	0.08482433746178722	0.44277782170629454	0.11180341882660619	0.1559200105176606	0.20467441148765142
Sample55	0.24492107332401222	0.11229560929803378	0.14246398025169177	0.25696963491622804	0.24334970221003419
Sample56	0.21359100832280198	0.3013423110579901	0.24048762595284287	0.07385213655440631	0.1707269181119587
Sample57	0.07707441302561396	0.28854136300651295	0.25076589187003007	0.14864359697048146	0.2349747351273616
Sample58	0.1328442000648426	0.4617036696037544	0.1344726325850065	0.07053260176757221	0.20044689597882423
Sample59	0.20193766659107162	0.14600807888655232	0.20420668919554852	0.18720677888933043	0.26064078643749705
Sample60	0.13917653395311108	0.3366989149239395	0.047224329294717725	0.24125058224676743	0.23564963958146434
Sample61	0.21661874673864578	0.2764681055146642	0.1697190862522368	0.274410097587206	0.06278396390724714
Sample62	0.26951304380520774	0.2905621371560553	0.15987719186407012	0.12893442637694308	0.1511132007977237
Sample63	0.1452172248576709	0.3871182119087757	0.012497387301181263	0.26143496944517536	0.1937322064871967
Sample64	0.4172204326716069	0.04624876630820044	0.06494217802188634	0.2657473944999809	0.20584122849832548
Sample65	0.17945100266828742	0.09872710747920001	0.34911161632821747	0.09939463272183825	0.2733156408024569
Sample66	0.34706702530692723	0.07708067915759008	0.20126098595802444	0.1781109169657264	0.19648039261173175
Sample67	0.14469984299096866	0.4397717064711584	0.12970991442972984	0.10326791762772472	0.1825506184804183
Sample68	0.21626844499808343	0.2515487135667063	0.2728535763545445	0.08205013467131926	0.17727913040934662
Sample69	0.25924748621740545	0.14346108787883322	0.1515017983587207	0.23239296651378002	0.21339666103126056
Sample70	0.2453830190005676	0.1636027411943117	0.2503892796911168	0.18560737201711225	0.15501758809689162
Sample71	0.16608267950468622	0.03961331006096873	0.3516000073951923	0.2100010437796149	0.23270295925953788
Sample72	0.3315276830729285	0.0	0.14003996871562716	0.30316694749940476	0.2252654007120395
Sample73	0.32010610242062143	0.22730577654758788	0.02461609839179174	0.2287208210766477	0.1992512015633513
Sample74	0.045122182714657115	0.28446499004969866	0.247765779995152	0.15068434148391696	0.2719627057565753
Sample75	0.1495889378511792	0.21592560935919983	0.23337186958189537	0.19685771933506033	0.20425586387266526
Sample76	0.25672792455902005	0.08864184789299273	0.2559940749560882	0.27579624372047024	0.12283990887142875
Sample77	0.29496302166542926	0.19437387593518393	0.07570695800616954	0.22138520396363576	0.2135709404295816
Sample78	0.3094623294580622	0.2228147198791793	0.0	0.2659620317837367	0.20176091887902187
Sample79	0.11714439006865283	0.07591298699313491	0.19589986149054672	0.41948060945199356	0.19156215199567198
Sample80	0.2200778410868583	0.16348452392360863	0.3256204722840286	0.14769574802895288	0.14312141467655148
Sample81	0.12417072099721768	0.1812366878268676	0.24482386859696748	0.22964335317228368	0.22012536940666363
Sample82	0.19989504845648953	0.07789648577736993	0.27488759435038906	0.28391587631923754	0.16340499509651388
Sample83	0.2573147693427349	0.1598895959926198	0.23788526530131873	0.17571324994277246	0.1691971194205543
Sample84	0.15761786350717488	0.32006590354573367	0.04381226007963354	0.25947793776892525	0.21902603509853266
Sample85	0.26984822943157766	0.25910876391103543	0.06269493950870732	0.228368833510347	0.1799792336383326
Sample86	0.1701614877818114	0.12280962435517948	0.24799842620992668	0.20378249716468563	0.2552479644883968
Sample87	0.1955271788336264	0.1526660046322873	0.21895250543315986	0.1380405770177685	0.294813734083158
Sample88	0.14109423443094116	0.19905461084586484	0.15537589547476394	0.26050331297896745	0.24397194626946272
Sample89	0.22228830916894052	0.11970058254870658	0.29765872945205407	0.1314653910621312	0.22888698776816763
Sample90	0.10297397404797792	0.3734178815914889	0.05512325147872153	0.20169227078882782	0.26679262209298377
Sample91	0.2166377308260938	0.09248513302438732	0.20456766662814319	0.23600849038105254	0.2503009791403232
Sample92	0.311624982992818	0.06925960172504667	0.24951401978747847	0.25086335846907215	0.11873803702558473
Sample93	0.14507616327384545	0.11710786398662205	0.2188624316485571	0.19324663304052603	0.3257069080504492
Sample94	0.2384763731057767	0.13118821327474953	0.17602001079036933	0.3348412936640834	0.1194741091650211
Sample95	0.2391422909391828	0.19968756409555907	0.18861361695808818	0.1667215915713201	0.20583493643584988
Sample96	0.2955266696990611	0.14536275117584438	0.2020927445269211	0.19145968094381713	0.16555815365435614
Sample97	0.0	0.38949649984224577	0.26693025440258167	0.0670938700659334	0.2764793756892392
Sample98	0.24301055264981944	0.27646081770791203	0.18211294927057792	0.06465368417897938	0.23376199619271132
Sample99	0.08150814378126449	0.17686148313097272	0.4343896907755766	0.13543659832092875	0.17180408399125754
Sample100	0.22302492781954536	0.2911578332209285	0.1221477350520749	0.26328943802236987	0.10038006588508144
